72,0.0019
70,0.1797
69,0.1908
63,0.2964
61,0.3519
62,0.4631
64,0.4853
59,0.5161
66,0.5519
60,0.5703
59,0.6969
60,0.94
60,1.05
63,1.1556
64,1.1611
69,1.2056
54,1.2558
55,1.2992
60,1.3697
65,1.6158
68,1.7281
73,1.7928
74,1.8253
73,2.0461
73,2.1581
73,2.5881
72,3.7728
72,5.2728
69,5.7708
75,6.0981
74,6.1342
74,6.1631
73,6.2464
71,6.3511
72,6.4989
71,6.5433
72,6.545
72,6.5489
71,6.6811
69,6.7039
68,6.7328
69,6.7722
70,6.8283
70,7.0381
69,7.0525
65,7.0856
62,7.1233
69,7.2467
66,7.2911
61,7.3222
61,7.3578
58,7.4356
58,7.5756
67,7.5822
69,7.6003
57,7.6081
56,7.6303
60,7.7247
72,7.8239
69,7.9972
60,8.0303
65,8.2222
64,8.2367
64,8.2581
65,8.2803
67,8.3025
69,8.3192
63,8.32
60,8.3561
59,8.3922
70,8.4081
69,8.6139
67,8.6306
65,8.6694
60,8.6944
63,8.7361
61,8.7694
60,8.7806
64,8.7922
56,8.8139
65,8.8175
66,8.8247
54,8.825
67,8.8356
53,8.8361
51,8.8472
69,8.85
50,8.8694
48,8.9028
47,8.9083
45,8.925
44,8.9303
41,8.9528
39,8.9694
27,9.2139
71,9.2386
24,9.3417
70,9.3506
67,11.2189
64,11.2822
61,11.3075
60,11.3183
58,11.3292
59,11.3764
66,11.7069
67,11.75
69,11.9
69,12.0428
71,12.1289
71,12.5736
72,12.6097
73,12.7308
71,12.9969
72,13.0369
71,13.4475
75,13.7528
74,13.8478
75,14.1642
74,14.2614
72,14.3942
74,14.56
78,15.6803
55,15.6942
77,15.7019
74,15.7542
66,15.9833
69,16.0278
71,16.0636
71,16.1983
69,16.2647
71,16.2906
68,16.42
70,16.4264
71,16.4408
72,16.5311
67,16.7381
65,16.8478
61,16.9492
54,17.0442
49,17.0847
46,17.1136
45,17.1172
42,17.1425
40,17.1606
39,17.1931
35,17.2786
36,17.3353
38,17.4183
38,17.545
41,17.7889
42,17.7997
42,17.9444
39,18.0531
38,18.0603
37,18.0747
36,18.0892
34,18.1253
32,18.1519
33,18.3872
34,18.4414
37,18.4594
38,18.4667
41,18.4847
43,18.4956
45,18.5117
51,18.5614
57,18.7636
58,18.7922
60,19.2417
63,19.3897
64,19.3933
66,19.4078
62,19.5561
58,19.6069
55,19.6719
55,19.7478
57,19.845
59,20.1872
61,20.2125
61,20.2922
60,20.3464
60,20.5025
59,20.5103
57,20.5719
56,21.0006
55,21.0697
55,21.0986
57,21.2256
59,21.275
61,21.2964
63,21.3581
69,21.3889
66,21.4764
67,21.5464
60,21.5828
63,21.6131
57,21.6217
56,21.6328
61,21.6383
57,21.6636
54,21.6817
54,21.6883
53,21.6889
45,21.7419
44,21.7492
43,21.7561
53,21.7717
37,21.7939
52,21.7994
35,21.8047
31,21.8714
30,21.8858
51,21.8939
29,21.9781
51,21.9825
54,22.105
57,22.1383
59,22.1661
61,22.1772
62,22.305
68,22.355
69,22.3661
26,22.3789
71,22.3883
27,22.4042
25,22.6361
24,22.6425
23,22.6497
22,22.6678
20,22.6822
19,22.6931
17,22.7483
16,22.8403
17,22.8511
13,22.9069
13,22.9358
16,22.9503
19,22.9644
21,22.9756
27,23.0044
32,23.0367
37,23.0586
40,23.0728
44,23.0983
46,23.1128
48,23.1236
49,23.1269
50,23.1308
49,23.1344
48,23.1631
71,23.1664
69,23.1828
66,23.1997
62,23.2331
61,23.2386
48,23.2428
59,23.2497
58,23.2553
47,23.2714
55,23.2997
55,23.3831
57,23.4219
47,23.4936
47,23.6236
48,23.6417
54,23.6608
51,23.6775
50,23.6831
52,23.7611
57,23.8278
58,23.8333
59,23.8389
60,23.8778
61,23.8944
53,23.9053
53,23.945
62,48.1639
71,48.23
58,48.3103
73,48.3578
55,48.4061
54,48.4278
52,48.4422
52,48.5217
74,48.5592
48,48.6664
46,48.6772
41,48.7047
40,48.7086
39,48.7158
38,48.7194
71,48.7486
34,48.7628
28,48.8386
27,48.8458
25,48.8567
22,48.8783
21,48.8853
20,48.8928
18,48.9108
71,49.0183
19,49.0228
70,49.0294
71,49.1072
72,49.1128
24,49.1144
73,49.1294
74,49.135
25,49.1578
75,49.1739
77,49.3183
75,49.3461
74,49.3517
69,49.3794
64,49.4128
63,49.4183
62,49.4239
56,49.4964
26,49.6356
67,49.7464
33,49.7511
68,49.7519
34,49.7694
35,49.7767
36,49.7908
40,49.8389
71,49.895
44,49.9258
45,49.9367
47,49.9586
48,49.9728
71,49.9783
51,50.0089
54,50.1897
58,50.2256
63,50.2936
65,50.3117
66,50.3261
68,50.3442
69,50.3514
71,50.3731
72,50.3803
74,54.2531
73,54.3292
73,54.3869
69,54.4242
70,54.6961
69,54.7178
64,54.8425
62,54.8569
68,54.8631
61,54.8642
60,54.8711
58,54.8858
55,54.9039
53,54.9292
52,54.9794
69,55.0467
68,55.0578
72,55.1133
71,55.1356
55,55.1642
56,55.2256
58,55.2453
58,55.4369
59,55.4406
60,55.5503
68,55.8322
70,55.8669
64,56.1967
70,56.1978
61,56.2522
60,56.2633
57,56.2911
56,56.3022
70,56.3572
72,56.5886
71,56.6103
52,56.6133
49,56.68
48,56.7022
70,56.8272
68,56.8489
49,56.8578
66,56.8703
65,56.8872
64,56.9161
50,56.9856
58,57.1689
70,57.5444
71,57.595
51,58.2969
48,58.3469
43,58.4303
41,58.4469
40,58.4525
37,58.4803
36,58.5025
31,58.9858
55,59.3136
56,59.3192
57,59.3247
65,59.3442
64,59.3531
63,59.3564
62,59.3636
61,59.3856
66,59.4025
68,59.4247
69,59.4414
60,59.7694
58,59.8417
59,59.8669
69,59.8747
58,59.8803
66,59.8969
56,59.9175
58,59.9692
57,59.9747
55,59.9914
58,59.9917
52,60.0081
60,60.0133
50,60.0414
65,60.1731
48,60.1858
47,60.1914
67,60.2669
72,60.5164
72,60.6392
71,60.6886
70,60.7656
63,60.8186
62,60.8367
61,60.8439
47,60.8469
60,60.8511
58,60.8656
56,60.88
50,60.9297
47,60.9503
46,60.9572
44,60.9683
43,60.9789
42,60.9864
36,61.0247
35,61.0319
34,61.0392
30,61.1222
48,61.1358
49,61.1525
50,61.1914
34,61.2692
35,61.2725
36,61.28
52,61.4028
54,61.6194
46,61.6272
48,61.6406
52,61.6472
49,61.6806
59,61.7239
62,61.7492
64,61.7853
51,61.7972
67,61.8106
52,61.825
56,61.925
59,61.975
74,62.0986
62,62.2031
64,62.275
73,62.2794
62,62.4622
61,62.4733
60,62.4789
58,62.49
73,62.5586
71,62.6369
66,62.7403
63,62.7908
59,62.9289
62,63.1233
63,63.1342
67,63.2172
68,63.2533
70,63.4947
71,63.5231
72,63.5844
73,63.6892
72,63.7325
65,63.7903
64,63.9294
65,63.9792
69,64.1569
71,64.2
68,64.2903
71,64.3456
69,64.3569
68,64.5847
67,64.635
71,64.6614
72,64.6831
70,64.7903
71,65.0069
71,65.0628
71,65.0961
71,65.1794
69,65.1933
66,65.2239
65,65.2244
62,65.2961
60,65.3181
59,65.3289
72,65.4239
73,65.4961
55,65.6808
72,65.6906
54,65.7169
72,65.7183
60,66.0386
61,66.0494
71,66.4225
72,66.7167
64,66.7711
64,66.9086
65,67.3133
69,67.4386
64,67.4869
70,67.5164
71,67.6275
72,67.6497
61,67.7025
72,67.8608
53,68.1914
51,68.2239
52,68.2347
51,68.2383
51,68.4953
48,68.5278
41,68.5683
38,68.5878
35,68.6253
33,68.7328
31,68.8086
30,68.8231
26,68.9819
72,69.1164
32,69.4156
33,69.4914
72,69.5108
44,69.5803
46,69.6094
48,69.6489
49,69.6564
52,69.6781
72,69.8497
52,69.8856
50,69.9142
71,69.9997
40,70.2047
37,70.2306
36,70.2378
35,70.2594
34,70.2775
32,70.2919
31,70.2989
25,70.3839
24,70.4164
22,70.55
23,70.5789
24,71.36
25,71.3708
26,71.4211
25,71.6017
24,71.7392
21,71.8511
20,71.8914
23,71.9489
63,72.1497
61,72.1633
60,72.1689
48,72.2353
41,72.2742
38,72.2908
35,72.3075
28,72.3464
27,72.4031
25,72.4353
27,72.5578
28,72.5656
27,72.58
28,72.5856
33,72.6378
32,72.7133
37,72.7856
38,72.7967
49,72.9133
52,72.9411
55,72.9689
56,72.9744
60,73.0411
63,73.0689
66,73.1189
41,73.1194
43,73.1375
46,73.2058
69,73.2133
68,73.3636
70,73.4747
71,73.6303
53,73.8178
73,73.8581
60,73.8647
62,73.875
65,73.8972
71,74.0197
72,74.0308
72,74.1358
73,74.1525
72,76.1122
73,76.3622
71,77.7858
73,78.1442
73,78.1514
74,78.1728
74,78.2236
74,78.2417
72,78.285
73,78.3097
74,78.3269
71,78.47
69,78.4811
60,78.5517
61,78.5878
70,78.6136
60,78.6203
61,78.6347
61,78.6528
69,78.6969
62,78.7647
64,78.8261
65,78.8478
66,78.8622
71,79.0303
73,79.1039
69,79.1081
66,79.3081
57,79.3803
58,79.4525
71,79.5125
57,79.5358
70,79.785
71,79.8844
73,79.9783
57,79.9914
71,80.13
56,80.1917
70,80.3967
73,80.4714
58,80.4731
61,80.5236
62,80.5792
63,80.5903
65,80.6069
66,80.6125
73,80.6686
68,80.6792
69,80.7406
68,80.9294
70,80.9631
75,81.0986
63,81.1017
76,81.1094
61,81.1183
77,81.1275
58,81.135
57,81.1461
55,81.1572
48,81.2183
45,81.2406
73,81.3417
42,81.3961
41,81.5406
39,81.5628
38,81.5906
32,81.7517
32,81.9828
73,82.6689
72,82.7158
70,82.7853
69,82.8394
70,82.9061
35,82.9719
36,82.9831
35,83.1497
72,83.1686
35,83.3667
36,83.3778
73,83.4075
72,83.4403
38,83.5511
66,83.555
53,83.6617
52,83.6692
51,83.6764
45,83.7233
40,83.7544
35,83.7936
44,83.7989
47,83.8211
50,83.8711
55,84.0211
58,84.1433
59,84.1544
59,84.2544
63,84.5656
65,84.5878
37,84.5936
38,84.6156
66,84.6267
39,84.6444
40,84.6553
45,84.7203
49,84.7817
53,84.8322
68,85.0383
67,85.3544
70,85.42
66,85.4269
66,85.6044
65,85.6189
74,85.8214
71,86.0992
67,86.115
69,86.2828
65,86.3014
66,86.3483
67,86.4242
66,86.6503
66,86.69
69,86.7717
68,86.7942
68,86.8308
69,87.0014
71,87.1983
65,87.2517
72,87.28
73,87.3089
73,87.3669
68,87.3742
73,87.5908
72,87.64
68,87.8908
68,88.4444
66,88.5097
72,88.5186
71,88.6394
72,88.6783
57,88.8117
55,88.9989
57,89.05
58,89.0572
66,90.1756
67,90.3081
70,90.4119
67,90.4397
62,90.5175
61,90.5231
59,90.6342
68,90.6478
69,90.8214
60,91.0947
72,91.1275
60,91.2003
61,91.2058
71,91.2317
60,91.2617
61,91.2672
67,91.4428
65,91.4789
65,91.7625
65,91.8364
72,91.9153
59,91.9233
71,91.9431
56,91.9486
55,91.9558
54,91.9667
51,92.0878
53,92.1347
55,92.2
59,92.2394
62,92.3611
63,92.3756
72,92.3986
71,92.4042
63,92.4708
65,92.4769
60,92.4931
66,92.5636
59,92.6097
68,92.6358
57,92.7375
56,92.7764
74,92.8075
76,92.8325
77,92.8472
57,92.9767
64,93.1211
63,93.2544
59,93.41
59,93.5322
60,93.5489
69,93.5978
66,93.6158
67,93.6436
69,93.7325
70,93.8014
70,93.8214
71,93.8342
72,93.9503
71,94.1269
69,94.1381
68,94.1492
65,94.1714
71,94.1744
60,94.2214
70,94.2378
71,94.3244
58,94.3881
59,94.4214
58,94.4825
70,94.6661
51,94.7772
49,94.7939
46,94.8161
39,94.8717
38,94.8772
35,94.8994
34,94.905
33,94.9106
30,94.9217
28,94.9383
29,95.1217
28,95.1272
23,95.1606
22,95.1772
21,95.1883
19,95.205
17,95.2939
71,95.32
63,95.3797
17,95.3883
61,95.4047
60,95.4122
60,95.5097
61,95.5131
59,95.6472
22,95.7772
58,95.8242
31,95.8472
37,95.8861
56,95.9094
55,95.9203
42,95.9361
41,95.9694
44,95.9972
47,96.0139
48,96.0194
55,96.1972
55,96.2089
56,96.2617
57,96.2728
60,96.2861
64,96.3558
66,96.3775
68,96.3919
73,96.4317
65,96.4361
75,96.4461
76,96.4603
65,96.4642
77,96.475
61,96.5242
76,96.5511
60,96.5906
56,96.6294
73,96.6881
53,96.7072
52,96.7183
51,96.7517
73,96.7642
75,96.7817
77,96.8058
80,96.8672
51,96.8683
81,96.8889
50,96.9069
78,97.3381
57,97.385
71,97.4031
70,97.4103
54,97.4128
56,97.535
57,97.5461
59,97.5739
64,97.6739
66,97.685
68,97.7183
72,97.9239
77,97.9453
71,97.9461
76,97.9561
74,98.0414
73,98.0519
73,98.2475
72,98.4211
71,98.7428
73,99.1006
72,101.7669
72,102.6083
72,102.7628
71,102.8069
69,102.9633
67,103.0608
68,103.1403
69,103.1731
68,103.2586
66,103.3253
64,103.3653
63,103.3797
67,103.4719
68,103.62
70,103.6564
71,103.6619
72,103.6675
74,103.6842
75,103.7842
73,103.8175
66,103.8311
64,103.8672
63,103.8708
61,103.8956
53,104.0006
52,104.0367
54,104.1706
55,104.185
59,104.2306
73,104.2731
71,104.3397
71,104.3897
58,104.4653
59,104.4689
58,104.4797
59,104.4978
66,104.5592
69,104.5917
63,104.6011
70,104.6097
71,104.6169
62,104.6178
62,105.1011
60,105.4122
58,105.4344
49,105.4997
47,105.5164
46,105.5219
45,105.5275
41,105.5553
32,105.6219
31,105.6275
25,105.7664
23,105.9264
24,106.0264
27,106.1708
28,106.1764
70,106.2464
30,106.2597
36,106.2986
37,106.3042
39,106.3153
42,106.3319
44,106.3486
50,106.3875
53,106.4097
55,106.4264
57,106.4431
59,106.4597
60,106.4708
64,106.5483
63,106.5519
61,106.8097
64,106.9653
71,107.1486
72,107.1597
79,107.4211
82,107.4822
81,107.7489
63,107.8383
64,107.8672
67,107.9142
71,108.0525
73,108.1397
72,108.6647
72,108.8342
71,108.9886
71,109.7378
71,110.1492
72,110.16
66,110.4044
63,110.4489
62,110.46
60,110.4767
59,110.4878
56,110.5767
55,110.7658
56,110.7992
57,110.9381
55,111.0161
53,111.0883
59,111.5383
61,111.5994
66,111.6883
70,111.9772
72,112.4272
71,112.5161
76,112.5614
69,112.8378
67,112.8589
65,112.8914
63,112.9311
58,112.9803
62,113.3778
64,113.4139
65,113.4319
66,113.4681
67,113.4897
68,113.515
71,113.8928
72,113.9289
74,113.9942
75,114.0122
74,114.135
71,114.2664
71,114.3331
73,114.5183
75,114.8408
71,114.9664
72,115.2942
71,115.3053
71,115.4225
71,115.5108
73,115.7011
74,115.7119
75,115.7192
76,115.7264
72,115.7872
77,115.8858
76,115.9178
74,115.9308
73,115.9381
72,115.9453
70,115.9633
69,115.9739
67,115.9886
64,116.0139
60,116.0556
53,116.1828
73,116.265
70,116.3206
62,116.3914
57,116.4564
59,116.4578
60,116.4692
58,116.4822
57,116.7253
57,116.7472
55,116.7639
56,116.7694
54,116.8772
53,116.9061
58,116.9083
59,116.9194
52,116.9242
63,117.1961
54,117.2025
65,117.2183
66,117.2294
69,117.2517
59,117.2639
59,117.3125
61,117.3414
63,117.3594
66,117.3956
70,117.4894
70,117.6247
71,117.6975
70,117.7336
71,117.8383
71,117.9183
71,118.1519
80,118.1692
81,118.1767
82,118.1872
83,118.1947
87,118.2233
72,118.2797
96,118.3011
97,118.33
98,118.3336
99,118.3733
71,118.6717
96,118.7644
85,118.8547
83,118.8656
76,118.9539
72,118.9792
70,118.9936
69,119.0008
68,119.0117
66,119.0225
59,119.0969
52,119.2219
50,119.2581
73,119.3156
71,119.36
70,119.3656
68,119.3822
66,119.4211
67,119.5189
70,119.5969
71,119.6081
73,119.6192
51,119.7786
71,119.8058
50,119.8147
51,119.8328
52,119.84
53,119.8436
72,119.8669
56,119.8689
59,119.8978
61,119.9122
64,119.9628
60,120.1483
72,120.2797
71,120.3083
67,120.3664
59,120.415
58,120.4206
57,120.4372
58,120.4483
60,120.4706
61,120.4817
64,120.4825
63,120.4897
64,120.5583
63,120.5728
62,120.6375
61,120.6431
57,120.6819
56,120.6872
66,120.6994
67,120.7067
61,120.7319
69,120.7753
70,120.7861
70,120.8372
71,120.9239
65,121.0319
73,121.0397
70,121.0653
72,121.0764
74,121.0986
78,121.1417
77,121.1656
80,121.2544
72,121.2953
71,121.3097
81,121.36
78,121.4375
73,121.5181
74,121.5458
73,121.5514
72,121.6014
73,121.6792
75,121.6942
73,121.7736
74,121.8231
72,121.9236
74,121.9408
73,121.9481
71,121.9514
72,121.9903
73,122.0447
73,122.0767
75,122.0803
76,122.1058
73,122.11
74,122.1781
73,122.3406
71,122.7189
72,122.8019
73,123.0156
72,123.0989
73,123.1822
72,125.8603
71,125.8658
72,126.2542
73,126.2647
74,126.2794
75,126.2975
74,126.3517
73,126.3625
72,126.395
73,126.3986
72,126.7586
69,126.8381
65,126.8611
61,126.8939
60,126.9628
61,126.9953
66,127.1939
67,127.2119
68,127.3911
64,127.4564
62,127.48
61,127.4944
61,127.5269
60,127.5522
71,127.6764
72,127.7097
66,127.7292
67,127.7797
69,127.8267
70,127.8558
74,127.8708
72,127.9064
74,127.9153
75,127.9375
74,127.9542
73,127.9653
71,127.9875
68,128.0375
66,128.0597
76,128.0878
73,128.1672
72,128.2003
72,128.2736
68,128.4347
69,128.4744
65,128.51
61,128.5378
74,128.5883
73,128.6753
59,128.7211
74,128.7369
60,128.7378
73,128.7622
63,128.8156
65,128.8822
66,128.96
66,129.9767
67,130.0433
71,130.5047
73,130.5325
68,130.5811
73,130.6158
73,130.7547
65,130.8361
62,130.865
69,131.0047
68,131.0103
64,131.5714
74,131.7217
63,132.1131
61,132.1314
53,132.3714
72,132.3939
51,132.4075
52,132.4256
51,132.4328
71,132.5606
72,132.705
72,132.8719
75,132.9256
77,132.9686
75,133.0131
75,133.1522
72,133.2022
71,133.2078
70,133.2967
68,133.3467
56,133.4428
55,133.4572
53,133.5872
54,133.8367
55,133.8689
56,133.9486
57,133.9594
69,134.1133
65,134.2464
63,134.2797
71,134.3311
66,134.4686
68,134.4908
73,134.5897
74,134.6892
71,134.7356
74,134.7744
73,134.7783
73,134.7964
70,134.8356
69,134.8689
71,134.9856
72,135.1831
73,135.2425
72,135.3542
72,135.5331
73,135.5603
72,135.5856
73,135.6036
76,135.6719
72,135.8219
69,135.9275
71,136.2175
71,136.4286
70,136.5039
71,136.6872
70,136.7925
73,136.8628
71,136.9094
72,136.9592
73,137.1725
73,137.2969
72,137.3156
78,137.3747
76,137.4914
73,137.5528
74,137.5625
71,137.6372
76,137.6681
71,137.7019
72,137.7519
76,137.8489
76,137.9031
75,137.9139
72,138.0075
73,138.0078
72,138.0256
73,138.0933
72,138.1389
76,138.4072
74,138.4378
73,138.5058
72,138.6086
71,138.6833
71,138.7039
71,138.7778
66,138.9247
65,138.95
64,138.9572
63,138.9644
60,139.3103
61,139.3247
62,139.3861
63,139.4042
66,139.5706
72,139.7056
74,139.9025
72,139.9833
68,140.075
63,140.1275
72,140.1336
62,140.1489
60,140.1997
72,140.2169
71,140.2892
61,140.3622
69,140.3669
66,140.3947
64,140.4225
59,140.4725
58,140.4836
55,140.5058
53,140.5169
46,140.5725
58,140.6589
35,140.6614
34,140.6669
32,140.6919
30,140.7081
27,140.7303
26,140.7358
23,140.7581
58,140.8325
23,140.8692
56,141.1994
24,141.2192
26,141.2858
29,141.3081
30,141.3136
32,141.3247
55,141.3294
35,141.3747
36,141.3858
46,141.4336
39,141.4747
40,141.4969
44,141.5528
43,141.5636
43,141.5914
51,141.6525
49,141.7192
51,141.7581
53,141.7692
56,141.7914
58,141.8081
61,141.8303
46,141.8961
68,141.9025
69,141.9136
70,141.9192
47,141.9253
49,141.9433
73,141.9581
54,141.9794
55,141.9903
56,141.9975
57,142.0011
58,142.0083
64,142.1225
68,142.1694
69,142.1767
71,142.2814
73,142.3125
76,142.3653
72,142.3792
71,142.3903
67,142.4236
61,142.4958
61,142.5517
63,142.5961
75,142.7294
74,142.7389
64,142.7461
63,142.7739
72,142.815
67,142.8739
70,142.9128
71,143.2892
72,143.3111
71,143.6019
72,143.6242
75,144.2336
74,144.4892
73,144.5003
74,144.6156
72,144.6294
73,144.7128
75,145.1158
76,145.1269
75,145.1436
74,145.1603
70,145.3533
72,147.0461
73,147.2961
71,149.5314
70,149.5425
72,149.7017
74,149.7306
75,149.745
73,149.8061
74,149.9111
71,150.0881
70,150.1242
69,150.2308
68,150.2456
66,150.3194
59,150.4131
52,150.5344
69,150.5369
51,150.5381
67,150.5647
52,150.6069
53,150.6358
59,150.7169
64,150.7472
68,150.7972
73,150.8472
74,150.8583
71,150.9806
61,150.9811
63,151.0172
71,151.0417
64,151.0569
65,151.0858
66,151.1111
67,151.1436
66,151.1583
65,151.1694
64,151.1861
62,151.1969
71,151.2864
54,151.2917
52,151.3694
71,151.3922
72,151.6022
69,151.7992
51,151.9586
69,151.9983
65,152.1972
51,152.2031
58,152.2947
49,152.6086
57,152.62
58,152.6742
59,152.6886
61,152.7933
63,152.8114
65,152.8439
68,152.8692
69,152.88
50,152.9142
69,153.095
70,153.1183
55,153.1261
66,153.3064
68,153.3231
69,153.3342
70,153.3508
71,153.3719
71,153.3731
72,153.3842
73,153.3897
74,153.4064
76,153.4175
79,153.4564
81,153.4731
82,153.4842
84,153.5008
86,153.5119
88,153.5286
69,153.5356
90,153.5453
71,153.6328
79,154.5622
77,154.59
69,154.6778
68,154.6875
68,155.1819
70,155.5058
67,155.6261
66,155.6367
61,155.6803
66,155.7097
56,155.8353
54,155.85
53,155.8572
52,155.8644
51,155.8753
50,155.8861
47,155.9075
46,155.9114
33,156.0031
30,156.1006
29,156.1403
27,156.1617
27,156.5244
29,156.6003
31,156.6364
36,156.7231
37,156.7519
40,156.8242
42,156.8494
43,156.8603
69,156.9042
45,156.9144
71,157.2764
61,157.2781
61,157.4153
62,157.4908
63,157.5219
70,157.5319
65,157.5547
67,157.6033
68,157.6142
70,157.6775
72,157.7733
71,157.8203
66,157.8489
65,157.86
70,157.9364
57,157.9378
53,158.1156
75,158.1169
54,158.1269
52,158.1658
76,158.1858
51,158.1936
74,158.2639
47,158.2714
41,158.3156
40,158.3211
39,158.3325
34,158.3658
32,158.3825
74,158.5067
33,158.5381
36,158.6047
37,158.6436
56,158.8825
58,158.9381
60,159.0492
73,159.4322
73,159.4683
72,159.4972
62,159.6869
62,159.8425
63,159.8536
67,159.9203
70,160.2125
71,160.4042
72,160.4611
71,160.5425
73,160.6622
71,160.6758
72,160.7314
71,160.7925
72,160.8519
72,160.9344
72,161.0542
73,161.1253
75,161.1756
78,161.2753
71,162.2033
69,162.3472
71,162.4206
73,162.6319
72,162.8014
73,162.87
69,163.1519
68,163.2936
72,163.5217
60,163.7908
59,163.9361
65,163.9886
56,164.0144
53,164.1133
54,164.15
63,164.1833
61,164.2167
60,164.2556
57,164.2583
60,164.3278
61,164.45
63,164.5556
62,164.6
60,164.6847
58,164.75
55,164.7778
60,165.1489
64,165.2867
53,165.5378
68,165.5994
72,165.6478
51,165.6489
74,165.7856
55,165.8103
73,165.8183
56,165.8214
59,165.8547
72,165.8667
64,165.9228
63,165.9297
62,165.9444
57,165.9839
57,165.9986
56,166.1483
67,166.1978
55,166.2819
67,166.2922
69,166.3589
51,166.3686
72,166.4492
72,166.5492
53,166.5567
55,166.665
56,166.6833
54,166.7053
53,166.7558
52,166.7667
50,166.81
52,166.9011
58,166.9358
63,166.9647
60,167.2403
61,167.3972
69,167.4439
68,167.455
70,167.5272
71,167.5383
66,167.6289
67,167.6361
68,167.6433
74,167.805
72,167.8172
73,167.8244
74,168.0217
74,168.2331
71,168.29
73,168.4161
64,168.5272
62,168.5453
61,168.5525
61,168.5633
60,168.5742
61,168.5922
60,168.625
63,168.8019
64,168.8094
62,168.9214
73,168.9775
60,169.3122
66,169.3989
72,169.6219
69,169.7353
72,169.7678
73,170.0556
71,170.0889
72,170.1169
73,170.1242
72,171.2178
72,173.1347
71,173.7331
74,173.8517
75,173.8658
74,173.9019
73,173.9781
74,174.0069
70,174.2553
70,174.2906
69,174.3158
68,174.3556
70,174.4442
70,174.4797
70,174.5053
74,174.6594
76,174.6847
77,174.7678
76,174.7964
73,174.8289
71,174.8506
70,174.8581
65,174.8975
72,174.9389
66,174.9575
67,175.0117
69,175.0783
61,175.1922
71,175.1947
70,175.2058
61,175.2933
60,175.3475
61,175.4056
67,175.4892
65,175.5058
63,175.5225
63,175.5608
57,175.6614
51,175.6892
50,175.6947
67,175.6981
45,175.7281
44,175.7336
43,175.7392
42,175.7447
41,175.7503
65,175.7511
38,175.7614
36,175.7725
30,175.7947
27,175.8114
23,175.8503
22,175.8558
18,175.8781
15,175.9003
14,175.9058
12,175.9169
11,175.9225
10,175.9336
60,175.9456
59,175.9744
59,176.0358
1,176.1325
59,176.1511
60,176.2778
61,176.6631
66,177.1011
3,178.5661
6,178.5939
7,178.5994
8,178.605
9,178.6106
10,178.6217
11,178.6328
12,178.6439
14,178.6494
15,178.655
19,178.6828
20,178.6883
26,178.7328
27,178.8828
26,179.1075
27,179.2364
67,179.5686
28,179.6808
28,179.7364
26,179.7919
72,179.7961
73,179.8608
27,179.8756
32,179.9089
36,179.9478
74,179.9667
72,180.0447
73,180.1758
72,180.2419
37,180.2711
72,180.3228
66,180.7325
70,180.9197
65,180.9581
60,181.2525
67,181.2769
63,181.3211
66,181.3436
64,181.3789
70,181.5969
72,181.6519
66,181.7269
73,181.7353
64,181.7714
73,181.8814
74,181.9289
75,181.9394
76,181.9722
74,182.0983
72,182.1783
71,182.2981
62,182.3272
73,182.3486
75,182.3983
58,182.4247
57,182.4358
52,182.4692
49,182.5025
48,182.5136
49,182.5469
75,182.6053
52,182.6417
74,182.6547
57,182.6917
58,182.6972
57,182.7472
74,182.8444
55,182.8917
74,182.9239
54,182.925
53,182.9306
74,182.9853
52,183.0361
59,183.2472
72,183.53
64,183.5472
68,183.6083
69,183.6194
70,183.7639
69,183.8139
69,184.0139
69,184.1086
70,184.1761
71,184.1869
71,184.4944
71,184.5017
72,184.5183
68,184.6628
66,184.685
61,184.8517
58,184.8683
64,184.8775
55,184.9072
56,184.9183
57,185.0461
62,185.0961
64,185.1183
67,185.1739
63,185.4006
63,185.5017
71,185.6294
61,185.6644
61,185.7081
58,185.7658
71,185.7781
72,185.9225
52,186.0908
59,186.3058
51,186.5672
52,186.8561
58,186.8608
51,186.8617
51,187.1006
53,187.1506
59,187.1569
58,187.1819
55,187.1839
56,187.195
60,187.245
56,187.2533
61,187.3228
63,187.3894
56,187.4731
59,187.7081
61,187.7686
60,187.8019
58,187.8186
57,187.8297
56,187.8817
55,187.8925
59,187.9411
57,187.9947
56,188.0539
65,188.1247
67,188.1414
58,188.1697
58,188.2275
56,188.2675
54,188.3033
57,188.4036
66,188.4081
67,188.4358
56,188.4794
56,188.7089
62,188.9156
65,188.9192
64,188.9372
63,188.9661
59,188.9747
58,188.9803
54,189.0025
52,189.0192
49,189.0414
51,189.1136
63,189.1647
55,189.1969
64,189.2119
57,189.2192
59,189.23
61,189.2411
62,189.2489
63,189.2567
64,189.2678
68,189.3344
58,189.3531
70,189.4122
71,189.44
72,189.5458
53,189.5769
71,189.6736
52,189.6928
72,189.7403
54,189.7433
71,189.7792
55,190.0003
57,190.0469
58,190.0689
71,190.0847
62,190.3744
64,190.3961
69,190.4483
70,190.4664
71,190.9456
71,191.0625
78,191.1386
72,191.1983
75,191.2872
74,191.2983
72,191.3669
71,191.4953
72,191.5603
71,191.5792
73,191.5928
74,191.6217
73,191.6325
72,191.7047
71,191.7292
71,191.7372
67,191.7625
63,191.7958
59,191.8181
58,191.8236
57,191.8292
77,191.9069
55,191.9072
56,191.9183
57,191.9294
58,191.9628
59,191.985
67,192.1406
71,192.2294
72,192.4239
76,192.5997
75,192.6322
73,192.7156
72,192.7228
71,192.7372
76,193.3186
71,193.3442
78,193.3797
75,193.4353
76,193.4908
73,193.5394
73,193.5464
72,193.6075
72,195.6481
72,197.8569
74,197.9008
75,197.9156
69,197.9181
73,197.9806
72,198.1144
71,198.1217
70,198.1614
70,198.1939
68,198.2083
62,198.2533
59,198.2967
56,198.3206
54,198.3314
53,198.3386
51,198.3494
45,198.3892
38,198.4253
35,198.4397
24,198.5144
70,198.5181
21,198.5361
19,198.5467
16,198.5686
15,198.5758
13,198.5867
12,198.5939
11,198.5975
69,198.6125
9,198.6478
68,198.6514
69,198.6625
2,198.8231
8,198.8722
65,198.9458
13,199.1139
14,199.1175
17,199.1969
21,199.3286
22,199.3939
23,199.4517
22,199.4661
18,199.5386
21,199.6397
24,199.8169
26,199.9647
27,199.9903
28,200.0228
37,200.3189
39,200.3369
41,200.3478
48,200.4044
49,200.4117
54,200.4478
58,200.4753
63,200.5078
64,200.5294
67,200.5583
68,200.5619
67,200.7181
71,200.7189
72,200.9361
76,201.0989
64,201.1236
61,201.2292
58,201.2458
72,201.3061
52,201.3181
50,201.3403
71,201.3422
47,201.4403
44,201.4569
41,201.4792
24,201.8442
74,201.9419
27,202.0053
32,202.0431
34,202.0931
71,202.1225
33,202.1708
32,202.1819
31,202.2097
30,202.3375
29,202.3486
27,202.4431
28,202.4597
25,202.5653
24,202.5764
23,202.5819
25,202.9483
27,203.0486
70,203.0775
30,203.1319
33,203.1542
32,203.1986
69,203.2883
68,203.3658
29,203.5767
28,203.6156
27,203.6433
26,203.6711
60,203.7339
61,203.7411
27,203.7822
60,203.8675
29,204.01
64,204.0339
30,204.0378
31,204.0489
66,204.0628
65,204.2222
60,204.3233
58,204.3381
56,204.3522
52,204.3775
46,204.4325
32,204.5275
31,204.5383
30,204.5419
28,204.6053
27,204.6342
26,204.6528
34,204.81
38,204.8433
41,204.8767
43,204.8989
50,204.9425
52,204.9647
60,205.0147
61,205.0203
65,205.0536
72,205.1486
34,205.2631
35,205.2739
36,205.2992
37,205.3208
38,205.3353
39,205.4989
42,205.5383
64,205.5733
43,205.5744
44,205.5964
61,205.6178
46,205.6181
60,205.6233
58,205.6344
57,205.64
47,205.6433
55,205.6511
52,205.6733
47,205.735
48,205.7456
47,205.7622
48,205.8364
51,205.8956
54,205.9397
55,205.9469
57,206.0939
58,206.1411
60,206.395
60,206.4347
50,206.5178
62,206.5358
64,206.5994
67,206.6753
54,206.6956
70,206.7383
54,206.7403
56,206.8569
58,206.9292
59,206.9625
57,206.9903
58,207.0125
55,207.3014
71,207.3536
72,207.4225
73,207.5525
58,207.5892
61,207.625
72,207.6575
62,207.76
63,207.7711
71,208.0744
70,208.1814
71,208.1906
68,208.2106
70,208.2253
71,208.5272
73,208.7883
74,208.8328
77,208.8994
77,208.9717
76,208.9939
75,209.0106
72,209.0661
71,209.0717
60,209.1658
61,209.3069
60,209.3106
59,209.3503
56,209.3936
53,209.4153
74,209.4331
76,209.4553
77,209.4608
46,209.4972
44,209.5117
77,209.5164
43,209.5189
41,209.5333
78,209.5386
76,209.5997
73,209.6442
29,209.6672
27,209.6925
72,209.6942
31,209.9194
34,209.9697
39,210.0172
42,210.0392
44,210.0533
51,210.1061
55,210.1567
58,210.2108
59,210.2361
61,210.2542
62,210.2614
64,210.2794
65,210.2867
67,210.3119
69,210.3336
71,210.3831
71,210.4375
71,210.5583
70,210.5656
53,210.5808
69,210.6031
49,210.6044
48,210.61
42,210.6433
41,210.6489
37,210.6656
30,210.6989
70,210.7172
25,210.7878
20,210.8864
19,210.8919
17,210.9086
70,210.9489
16,210.9531
69,210.9617
17,211.0864
16,211.2531
18,211.3086
57,211.3194
19,211.3308
20,211.3475
55,211.365
21,211.4086
30,211.5308
33,211.5475
36,211.5586
41,211.5864
46,211.6086
51,211.6864
54,211.7142
55,211.7808
56,211.8589
57,211.8944
61,211.9308
58,212.0447
60,212.22
58,212.2311
55,212.2478
51,212.27
50,212.2756
49,212.2867
58,212.3481
55,212.52
58,212.5478
60,212.5644
54,212.6083
52,212.6228
51,212.6264
50,212.6336
65,212.6811
70,212.7422
73,212.8033
72,212.8089
51,212.8197
71,212.8256
52,212.8703
55,213.0367
56,213.0728
59,213.0908
61,213.1017
65,213.145
69,213.1775
72,213.3925
71,213.4092
69,213.8361
70,213.9128
71,213.9678
74,214.0436
71,214.1592
89,214.8325
84,214.9986
83,215.0058
82,215.0164
81,215.0275
73,215.0869
74,215.1317
72,215.1603
71,215.1894
74,215.3314
72,215.3536
72,215.5469
67,215.5578
65,215.5689
64,215.5744
72,215.6444
67,215.7247
68,215.7358
69,215.7414
72,215.7511
71,215.7914
