72,0.0019
63,0.0028
59,0.1472
70,0.1797
69,0.1908
64,0.2853
63,0.2964
61,0.3519
61,0.4242
62,0.4631
63,0.4686
64,0.4853
60,0.5125
59,0.5161
66,0.5519
60,0.5703
61,0.6208
59,0.6969
64,0.8797
60,0.94
57,1.0461
60,1.05
61,1.0556
54,1.0822
63,1.1556
64,1.1611
65,1.1667
66,1.1722
68,1.1889
69,1.2056
54,1.2197
54,1.2558
55,1.2992
58,1.3589
60,1.3697
72,1.4
72,1.4222
64,1.5906
65,1.6158
67,1.6992
68,1.7281
70,1.7586
73,1.7928
74,1.8253
73,2.0461
74,2.0606
73,2.1581
73,2.5881
72,3.7728
72,5.2728
73,5.5228
69,5.7708
75,6.0981
74,6.1342
74,6.1631
73,6.1886
73,6.2464
71,6.3511
70,6.4097
72,6.4989
71,6.5433
72,6.545
72,6.5489
71,6.5608
72,6.5919
71,6.6811
69,6.7039
68,6.7328
69,6.7722
70,6.8283
72,7.0131
70,7.0381
69,7.0525
65,7.0856
63,7.1053
62,7.1233
61,7.1306
61,7.1956
69,7.2467
66,7.2911
61,7.3222
61,7.3578
60,7.3633
58,7.4356
57,7.4633
58,7.5078
59,7.5244
66,7.5553
58,7.5756
67,7.5822
68,7.5931
69,7.6003
70,7.6075
57,7.6081
56,7.6303
74,7.6958
59,7.7136
60,7.7247
72,7.8239
71,7.8817
61,7.9192
69,7.9972
60,8.0303
61,8.0358
67,8.1133
66,8.2217
65,8.2222
64,8.2367
64,8.2581
65,8.2803
67,8.3025
69,8.3192
63,8.32
60,8.3561
59,8.3922
70,8.4081
56,8.4825
71,8.5136
69,8.6139
68,8.625
67,8.6306
65,8.6694
60,8.6944
63,8.7361
61,8.7694
60,8.7806
64,8.7922
56,8.8139
65,8.8175
55,8.8194
66,8.8247
54,8.825
67,8.8356
53,8.8361
51,8.8472
69,8.85
50,8.8694
48,8.9028
47,8.9083
45,8.925
44,8.9303
72,8.935
43,8.9358
41,8.9528
39,8.9694
38,8.975
73,9.1592
27,9.2139
71,9.2386
26,9.2528
24,9.3417
70,9.3506
22,9.3528
21,9.3694
22,9.375
21,9.4361
68,11.1214
67,11.2189
64,11.2822
61,11.3075
60,11.3183
58,11.3292
58,11.3653
59,11.3764
63,11.6003
65,11.6817
66,11.7069
67,11.75
69,11.9
70,12.0389
69,12.0428
71,12.1289
72,12.1347
70,12.3797
71,12.5736
72,12.6097
73,12.7308
72,12.7817
71,12.9969
72,13.0369
71,13.1714
70,13.1786
68,13.1931
69,13.2111
71,13.4475
72,13.5994
75,13.7528
74,13.8478
76,14.1236
75,14.1642
73,14.225
74,14.2614
73,14.3344
72,14.3942
74,14.56
79,14.6303
52,15.6486
81,15.6514
78,15.6803
55,15.6942
77,15.7019
74,15.7542
73,15.765
62,15.8497
65,15.9556
66,15.9833
69,16.0278
68,16.0333
68,16.0553
71,16.0636
71,16.1983
69,16.2647
71,16.2906
72,16.2978
68,16.42
70,16.4264
71,16.4408
72,16.5311
68,16.5533
70,16.6422
68,16.6597
68,16.7089
67,16.7381
65,16.8478
71,16.8922
64,16.895
61,16.9492
54,17.0442
49,17.0847
48,17.0992
47,17.1064
46,17.1136
45,17.1172
43,17.1353
42,17.1425
41,17.1497
40,17.1606
39,17.1931
72,17.2064
38,17.2075
36,17.2464
35,17.2786
36,17.3353
38,17.4183
38,17.545
38,17.6083
40,17.7853
41,17.7889
42,17.7997
43,17.8178
42,17.9228
43,17.93
42,17.9444
40,18.0422
39,18.0531
38,18.0603
37,18.0747
36,18.0892
35,18.1
34,18.1253
32,18.1519
33,18.3872
34,18.4414
35,18.4486
37,18.4594
38,18.4667
40,18.4775
41,18.4847
43,18.4956
45,18.5117
47,18.5228
48,18.5264
51,18.5614
55,18.7381
57,18.7636
58,18.7922
60,19.2417
59,19.2633
60,19.285
63,19.3897
64,19.3933
66,19.4078
64,19.5456
62,19.5561
61,19.5636
59,19.5961
58,19.6069
57,19.6358
56,19.6644
55,19.6719
55,19.7478
57,19.845
58,19.9308
72,20.1731
59,20.1872
60,20.1981
61,20.2125
60,20.2778
61,20.2922
60,20.3464
61,20.3533
60,20.5025
59,20.5103
57,20.5719
56,20.6186
57,20.6367
55,20.8372
57,20.8956
56,21.0006
55,21.0697
54,21.0806
55,21.0986
56,21.1733
57,21.2256
58,21.2519
59,21.275
60,21.2894
61,21.2964
63,21.3581
69,21.3889
67,21.4261
64,21.4522
66,21.4764
63,21.5161
61,21.5439
67,21.5464
60,21.5828
59,21.5883
63,21.6131
57,21.6217
62,21.6311
56,21.6328
61,21.6383
59,21.6492
55,21.6494
57,21.6636
56,21.6661
56,21.6672
55,21.6717
54,21.6817
54,21.6883
53,21.6889
52,21.6925
46,21.7381
45,21.7419
44,21.7492
43,21.7561
53,21.7717
38,21.7867
37,21.7939
52,21.7994
36,21.8011
35,21.8047
33,21.8272
51,21.8328
32,21.8533
31,21.8714
30,21.8858
51,21.8939
29,21.9781
51,21.9825
52,22.0717
53,22.0883
54,22.105
56,22.1328
57,22.1383
59,22.1661
61,22.1772
62,22.305
68,22.355
69,22.3661
26,22.3789
71,22.3883
27,22.4042
71,22.5661
72,22.5883
25,22.6361
24,22.6425
23,22.6497
22,22.6678
20,22.6822
19,22.6931
18,22.7075
17,22.7483
14,22.8075
71,22.8164
15,22.8331
16,22.8403
17,22.8511
13,22.9069
13,22.9358
16,22.9503
19,22.9644
21,22.9756
23,22.9825
26,22.9972
27,23.0044
28,23.0117
30,23.0297
31,23.0333
32,23.0367
36,23.0547
37,23.0586
40,23.0728
42,23.0875
44,23.0983
45,23.1056
46,23.1128
48,23.1236
49,23.1269
50,23.1308
49,23.1344
48,23.1631
71,23.1664
70,23.1775
69,23.1828
67,23.1942
66,23.1997
65,23.2053
64,23.2164
63,23.2219
62,23.2331
61,23.2386
48,23.2428
60,23.2442
59,23.2497
58,23.2553
57,23.2608
47,23.2714
55,23.2775
56,23.2831
55,23.2997
47,23.32
54,23.3219
55,23.3831
57,23.4219
59,23.4442
60,23.4664
48,23.4864
47,23.4936
61,23.5108
60,23.5331
47,23.6236
60,23.6275
59,23.6331
48,23.6417
54,23.6608
53,23.6664
49,23.6742
51,23.6775
50,23.6831
51,23.6997
48,23.7139
52,23.7611
53,23.7944
57,23.8278
58,23.8333
59,23.8389
60,23.8444
49,23.8511
60,23.8778
61,23.8944
53,23.9053
53,23.945
70,48.1467
62,48.1639
71,48.23
58,48.3103
58,48.3503
73,48.3578
57,48.3881
56,48.3989
55,48.4061
54,48.4278
52,48.4422
52,48.5217
51,48.5289
74,48.5592
52,48.605
50,48.6519
49,48.6592
48,48.6664
47,48.67
46,48.6772
41,48.7047
40,48.7086
72,48.7153
39,48.7158
38,48.7194
71,48.7486
36,48.7519
34,48.7628
72,48.7925
30,48.8278
29,48.835
28,48.8386
27,48.8458
25,48.8567
24,48.8603
23,48.8672
22,48.8783
21,48.8853
20,48.8928
18,48.9108
17,48.9433
18,49.0083
71,49.0183
19,49.0228
70,49.0294
20,49.0553
71,49.1072
72,49.1128
24,49.1144
73,49.1294
74,49.135
25,49.1578
75,49.1739
77,49.2911
77,49.3183
78,49.3239
77,49.335
75,49.3461
74,49.3517
70,49.3683
69,49.3794
67,49.3906
66,49.3961
64,49.4128
63,49.4183
62,49.4239
61,49.4294
59,49.4628
56,49.4964
55,49.5686
56,49.5908
58,49.6186
26,49.6356
63,49.6964
65,49.7131
29,49.715
31,49.7331
67,49.7464
33,49.7511
68,49.7519
34,49.7694
35,49.7767
36,49.7908
40,49.8389
41,49.8428
42,49.8536
70,49.8728
71,49.895
44,49.9258
45,49.9367
46,49.9439
47,49.9586
48,49.9728
71,49.9783
49,49.9944
51,50.0089
54,50.1897
55,50.1933
58,50.2256
63,50.2936
65,50.3117
66,50.3261
67,50.3333
68,50.3442
69,50.3514
71,50.3731
72,50.3803
73,50.8297
72,53.7464
71,53.7519
73,53.7539
74,54.2531
73,54.3292
70,54.3631
73,54.3869
69,54.4242
74,54.4375
74,54.4772
69,54.4853
73,54.5314
70,54.5964
70,54.6961
69,54.7178
68,54.7433
66,54.81
65,54.8281
64,54.8425
63,54.8497
62,54.8569
68,54.8631
61,54.8642
60,54.8711
59,54.8786
69,54.8853
58,54.8858
57,54.8931
55,54.9039
70,54.9186
53,54.9292
52,54.9794
69,55.0467
68,55.0578
54,55.0736
69,55.08
70,55.0911
72,55.1133
71,55.1356
55,55.1642
54,55.2111
56,55.2256
58,55.2453
59,55.3178
71,55.3911
58,55.4369
59,55.4406
60,55.5503
60,55.59
61,55.6008
62,55.6117
63,55.655
68,55.8322
70,55.8669
71,55.8911
64,56.1967
70,56.1978
63,56.2244
62,56.2467
61,56.2522
60,56.2633
57,56.2911
56,56.3022
70,56.3572
73,56.5092
53,56.58
72,56.5886
71,56.6103
52,56.6133
50,56.6689
49,56.68
48,56.7022
70,56.8272
68,56.8489
49,56.8578
66,56.8703
65,56.8872
64,56.9161
50,56.9856
58,57.1689
59,57.1797
66,57.3333
71,57.4208
70,57.485
71,57.5156
70,57.5444
71,57.595
51,58.2969
50,58.3192
49,58.3358
48,58.3469
47,58.3692
43,58.4303
41,58.4469
40,58.4525
37,58.4803
36,58.5025
31,58.6136
31,58.9858
49,59.2692
52,59.2969
55,59.3136
56,59.3192
57,59.3247
65,59.3442
64,59.3531
63,59.3564
62,59.3636
61,59.3856
65,59.3969
66,59.4025
58,59.4108
68,59.4247
69,59.4414
68,59.6525
69,59.6747
70,59.7581
71,59.7692
60,59.7694
58,59.8417
59,59.8669
69,59.8747
58,59.8803
68,59.8858
57,59.8958
66,59.8969
56,59.9175
58,59.9692
57,59.9747
56,59.9858
55,59.9914
58,59.9917
52,60.0081
60,60.0133
61,60.0264
51,60.0303
50,60.0414
48,60.0692
63,60.1406
64,60.155
65,60.1731
47,60.1747
48,60.1858
47,60.1914
66,60.2308
67,60.2669
68,60.2744
70,60.4386
72,60.5164
72,60.6392
71,60.6886
70,60.7067
71,60.7211
70,60.7656
64,60.8114
63,60.8186
62,60.8367
61,60.8439
47,60.8469
60,60.8511
58,60.8656
56,60.88
55,60.8872
53,60.9017
50,60.9297
49,60.9322
48,60.9431
47,60.9503
46,60.9572
45,60.9611
44,60.9683
43,60.9789
42,60.9864
38,61.01
37,61.0175
36,61.0247
35,61.0319
34,61.0392
30,61.1222
48,61.1358
49,61.1525
50,61.1914
32,61.2078
34,61.2692
35,61.2725
36,61.28
51,61.3136
36,61.3161
52,61.4028
53,61.4306
40,61.5625
42,61.5986
55,61.6139
54,61.6194
46,61.6272
48,61.6406
52,61.6472
51,61.6639
50,61.6694
49,61.6806
58,61.7167
59,61.7239
60,61.7311
61,61.7383
62,61.7492
64,61.7853
51,61.7972
67,61.8106
52,61.825
56,61.925
59,61.975
74,62.0986
61,62.1194
62,62.2031
64,62.275
73,62.2794
64,62.4233
63,62.4456
62,62.4622
61,62.4733
60,62.4789
59,62.4844
58,62.49
56,62.5122
73,62.5586
71,62.6369
67,62.715
66,62.7403
65,62.7619
63,62.7908
61,62.8089
60,62.8197
59,62.8306
57,62.8678
58,62.9011
59,62.9247
59,62.9289
64,63.0956
62,63.1233
63,63.1342
67,63.2172
68,63.2533
64,63.4122
70,63.4947
71,63.5231
72,63.5844
73,63.6892
72,63.7325
65,63.7903
64,63.9294
65,63.9458
65,63.9792
71,64.1503
69,64.1569
70,64.1739
71,64.2
70,64.2878
68,64.2903
69,64.2958
71,64.3456
69,64.3569
72,64.5267
68,64.5847
67,64.635
71,64.6614
72,64.6831
73,64.6903
68,64.7236
70,64.7903
71,64.9619
71,65.0069
71,65.0628
71,65.0961
71,65.1794
69,65.1933
66,65.2239
65,65.2244
62,65.2961
61,65.3108
60,65.3181
59,65.3289
59,65.3722
72,65.4239
59,65.4794
73,65.4961
74,65.5128
57,65.6628
56,65.6736
55,65.6808
72,65.6906
54,65.7169
72,65.7183
52,65.9014
53,65.9519
59,66.0278
60,66.0386
61,66.0494
60,66.1692
62,66.3292
71,66.4225
72,66.7167
64,66.7711
71,66.7781
72,66.8725
64,66.9086
65,67.3133
69,67.4386
64,67.4869
70,67.5164
71,67.6275
72,67.6497
62,67.6917
61,67.7025
73,67.7442
72,67.8608
59,67.9269
55,68.1228
53,68.1914
51,68.2239
52,68.2347
51,68.2383
51,68.4953
48,68.5278
47,68.5314
46,68.5386
41,68.5683
40,68.5742
39,68.5842
38,68.5878
35,68.6253
33,68.7328
31,68.8086
30,68.8231
28,68.8664
26,68.9819
72,69.1164
27,69.2997
28,69.3106
32,69.4156
33,69.4914
72,69.5108
37,69.5311
39,69.5456
44,69.5803
45,69.5878
46,69.6094
48,69.6489
49,69.6564
52,69.6781
53,69.685
54,69.6925
54,69.8472
72,69.8497
52,69.8856
71,69.8886
51,69.9
50,69.9142
72,69.9553
71,69.9997
44,70.1511
40,70.2047
38,70.2197
37,70.2306
36,70.2378
35,70.2594
34,70.2775
33,70.2883
32,70.2919
31,70.2989
26,70.3333
25,70.3442
25,70.3839
24,70.4164
23,70.4272
72,70.5108
22,70.55
71,70.5553
23,70.5789
72,70.7164
71,70.8942
22,70.9986
24,71.36
25,71.3708
26,71.4211
26,71.4392
25,71.6017
24,71.7392
21,71.8511
20,71.8914
23,71.9489
22,71.9528
63,72.1497
62,72.1578
61,72.1633
60,72.1689
58,72.18
48,72.2353
46,72.2464
25,72.2511
45,72.2519
41,72.2742
39,72.2853
26,72.2906
38,72.2908
37,72.2964
35,72.3075
30,72.3353
29,72.3408
28,72.3464
27,72.4031
26,72.4131
25,72.4353
26,72.5244
27,72.5578
28,72.5656
27,72.58
28,72.5856
33,72.6378
34,72.6489
35,72.6558
29,72.6856
36,72.6886
32,72.7133
34,72.7411
37,72.7856
38,72.7967
42,72.8522
43,72.8578
46,72.8856
47,72.8967
49,72.9133
51,72.9356
52,72.9411
55,72.9689
56,72.9744
59,73.0356
60,73.0411
61,73.0522
63,73.0689
66,73.1189
41,73.1194
43,73.1375
46,73.2058
69,73.2133
70,73.2189
47,73.2239
48,73.2419
68,73.3636
67,73.3744
69,73.4247
70,73.4747
71,73.6303
51,73.7997
52,73.8069
53,73.8178
58,73.8503
59,73.8572
73,73.8581
60,73.8647
62,73.875
64,73.89
65,73.8972
66,73.9081
69,73.9333
71,74.0197
72,74.0308
72,74.1358
73,74.1525
72,76.1122
73,76.3622
71,77.7858
73,78.0825
73,78.1442
73,78.1514
74,78.1728
74,78.2236
74,78.2417
73,78.2561
72,78.285
73,78.3097
74,78.3269
71,78.47
69,78.4811
60,78.5517
61,78.5553
61,78.5878
70,78.6136
60,78.6203
61,78.6347
61,78.6528
69,78.6969
62,78.7647
70,78.7914
64,78.8261
69,78.8358
65,78.8478
66,78.8622
67,78.9019
71,79.0303
72,79.0736
73,79.1039
69,79.1081
70,79.1247
72,79.1478
66,79.3081
65,79.3136
64,79.3192
62,79.3414
60,79.3581
57,79.3803
58,79.4525
71,79.5125
57,79.5358
70,79.785
71,79.8844
73,79.9783
57,79.9914
71,80.13
56,80.1917
69,80.3142
70,80.3967
73,80.4714
58,80.4731
59,80.4903
61,80.5236
62,80.5792
63,80.5903
65,80.6069
66,80.6125
73,80.6686
68,80.6792
72,80.7083
69,80.7406
68,80.9294
69,80.9517
70,80.9631
75,81.0986
63,81.1017
76,81.1094
61,81.1183
77,81.1275
59,81.1294
58,81.135
57,81.1461
55,81.1572
53,81.1739
51,81.185
75,81.1853
50,81.1961
48,81.2183
45,81.2406
44,81.2461
43,81.2961
73,81.3417
42,81.3961
41,81.4017
42,81.4406
41,81.5406
39,81.5628
38,81.5906
33,81.6961
32,81.7517
71,81.8061
31,81.8239
32,81.9828
73,82.6689
72,82.7158
70,82.7853
69,82.8394
70,82.9061
35,82.9719
36,82.9831
35,83.1497
72,83.1686
73,83.2014
34,83.3386
35,83.3667
36,83.3778
73,83.4075
72,83.4403
71,83.4656
37,83.5222
38,83.5511
66,83.555
56,83.6403
54,83.6547
53,83.6617
52,83.6692
51,83.6764
50,83.6836
47,83.7089
46,83.7158
45,83.7233
41,83.7433
40,83.7544
36,83.7864
35,83.7936
44,83.7989
47,83.8211
49,83.8433
50,83.8711
51,83.8989
53,83.9322
54,83.9656
55,84.0211
58,84.1433
59,84.1544
60,84.1656
59,84.2544
61,84.4933
63,84.5656
65,84.5878
37,84.5936
38,84.6156
66,84.6267
39,84.6444
40,84.6553
41,84.6658
45,84.7203
48,84.7742
49,84.7817
51,84.7997
53,84.8322
54,84.8431
56,84.8756
57,84.8936
58,84.9044
61,84.935
68,85.0383
67,85.3544
70,85.42
66,85.4269
70,85.4308
69,85.5033
70,85.5683
66,85.6044
65,85.6189
64,85.8089
74,85.8214
77,85.8714
72,86.0881
66,86.0894
71,86.0992
67,86.115
69,86.2828
65,86.3014
66,86.3483
67,86.4242
66,86.6503
67,86.6539
66,86.69
67,86.7044
71,86.7331
70,86.7442
69,86.7717
68,86.7942
68,86.8308
69,87.0014
71,87.1983
65,87.2517
72,87.28
73,87.3089
72,87.345
73,87.3669
68,87.3742
72,87.4572
73,87.5908
72,87.64
68,87.8908
68,88.4444
67,88.4864
66,88.5097
72,88.5186
62,88.5656
71,88.6394
72,88.6783
56,88.6811
71,88.7561
57,88.8117
72,88.9506
56,88.985
55,88.9989
57,89.05
58,89.0572
60,89.1781
66,89.9047
67,90.1178
66,90.1756
67,90.3081
70,90.4119
67,90.4397
64,90.4675
62,90.5175
61,90.5231
59,90.6342
68,90.6478
60,90.7453
69,90.8214
59,90.9089
60,91.0947
72,91.1275
71,91.1417
60,91.2003
61,91.2058
70,91.2311
71,91.2317
60,91.2617
61,91.2672
67,91.4428
66,91.4572
65,91.4789
64,91.595
65,91.6542
65,91.7553
65,91.7625
65,91.7653
68,91.8319
65,91.8364
69,91.8431
63,91.8508
60,91.9122
72,91.9153
59,91.9233
71,91.9431
56,91.9486
55,91.9558
54,91.9667
52,92.0117
51,92.0878
53,92.1347
54,92.1747
55,92.2
59,92.2394
62,92.3611
63,92.3756
64,92.3864
72,92.3986
71,92.4042
68,92.4264
65,92.4486
63,92.4708
65,92.4769
60,92.4931
66,92.5636
59,92.6097
67,92.6106
68,92.6358
60,92.6375
57,92.7375
70,92.7514
56,92.7764
74,92.8075
76,92.8325
77,92.8472
73,92.9314
57,92.9767
59,93.0211
71,93.0419
64,93.1211
70,93.2167
63,93.2544
59,93.41
58,93.4544
59,93.5322
60,93.5489
61,93.5544
63,93.5714
64,93.5881
69,93.5978
65,93.5992
66,93.6158
67,93.6436
68,93.6881
71,93.7242
69,93.7325
70,93.8014
70,93.8214
71,93.8342
73,93.8908
72,93.9503
72,93.9769
71,94.1269
70,94.1325
69,94.1381
68,94.1492
67,94.1547
66,94.1603
65,94.1714
71,94.1744
60,94.2214
70,94.2378
71,94.2847
71,94.3244
58,94.3881
72,94.3933
59,94.4214
59,94.4714
58,94.4825
51,94.5769
70,94.6661
52,94.7106
53,94.7494
52,94.7606
51,94.7772
49,94.7939
71,94.7964
46,94.8161
39,94.8717
38,94.8772
36,94.8883
35,94.8994
34,94.905
33,94.9106
30,94.9217
29,94.9269
28,94.9383
28,94.9828
29,95.1217
28,95.1272
27,95.1328
26,95.1383
23,95.1606
22,95.1772
21,95.1883
19,95.205
17,95.2661
16,95.2772
17,95.2939
71,95.32
70,95.3236
64,95.3714
63,95.3797
17,95.3883
62,95.3978
61,95.4047
60,95.4122
60,95.4303
60,95.5097
61,95.5131
60,95.6436
59,95.6472
21,95.7661
22,95.7772
23,95.7828
58,95.8242
57,95.835
30,95.8417
31,95.8472
56,95.8594
55,95.8661
37,95.8861
38,95.8917
39,95.8972
40,95.9028
56,95.9094
55,95.9203
54,95.9275
42,95.9361
41,95.9694
42,95.975
44,95.9972
47,96.0139
48,96.0194
49,96.025
54,96.1556
53,96.1639
55,96.1972
55,96.2089
56,96.2617
58,96.2694
57,96.2728
60,96.2861
59,96.2978
63,96.3486
64,96.3558
65,96.3667
66,96.3775
67,96.3847
68,96.3919
70,96.41
63,96.4194
73,96.4317
65,96.4361
75,96.4461
76,96.4603
65,96.4642
77,96.475
62,96.4919
61,96.5242
76,96.5511
60,96.5906
57,96.6183
56,96.6294
73,96.6881
74,96.6956
53,96.7072
73,96.7136
52,96.7183
51,96.7517
73,96.7642
75,96.7817
77,96.8058
52,96.8128
78,96.8347
79,96.8561
80,96.8672
51,96.8683
81,96.8889
50,96.9069
78,97.3381
77,97.3486
55,97.3572
56,97.3683
57,97.385
56,97.3906
55,97.4017
71,97.4031
70,97.4103
54,97.4128
70,97.4211
71,97.4736
54,97.4792
55,97.5017
56,97.535
57,97.5461
59,97.5739
61,97.5906
64,97.6739
66,97.685
68,97.7183
69,97.7294
70,97.835
71,97.8572
72,97.8628
71,97.8697
70,97.8853
72,97.9239
77,97.9453
71,97.9461
76,97.9561
73,98.0058
73,98.0283
74,98.0414
73,98.0519
74,98.0558
73,98.2475
72,98.4211
71,98.7211
71,98.7428
72,98.7569
72,99.0897
73,99.1006
72,101.7669
71,101.7725
70,101.7947
72,102.5797
71,102.5978
72,102.6083
72,102.6764
73,102.6794
72,102.7628
71,102.8069
69,102.9633
67,103.0608
68,103.1403
69,103.1731
68,103.2586
66,103.3253
64,103.3653
63,103.3797
66,103.4333
69,103.4394
68,103.4611
67,103.4719
68,103.6008
68,103.62
69,103.6453
70,103.6564
71,103.6619
72,103.6675
74,103.6842
75,103.7842
73,103.8008
73,103.8175
66,103.8311
64,103.8672
63,103.8708
61,103.8956
58,103.9261
53,104.0006
51,104.0222
52,104.0367
52,104.1164
53,104.1561
54,104.1706
55,104.185
56,104.1958
59,104.2306
73,104.2731
71,104.3397
72,104.3508
71,104.3897
70,104.4119
58,104.4653
59,104.4689
58,104.4797
59,104.4978
60,104.5086
61,104.5158
62,104.5267
66,104.5511
66,104.5592
68,104.5808
69,104.5917
63,104.6011
70,104.6097
71,104.6169
62,104.6178
61,104.6289
62,105.1011
60,105.4122
58,105.4344
49,105.4997
48,105.5108
47,105.5164
46,105.5219
45,105.5275
43,105.5442
41,105.5553
40,105.5608
38,105.5719
34,105.6053
32,105.6219
31,105.6275
30,105.6331
28,105.6497
27,105.6775
25,105.7664
22,105.7886
22,105.8108
23,105.9264
24,106.0264
25,106.0319
26,106.1097
27,106.1708
28,106.1764
70,106.2464
30,106.2597
31,106.2708
32,106.2764
69,106.2922
36,106.2986
37,106.3042
39,106.3153
40,106.3208
42,106.3319
44,106.3486
45,106.3542
50,106.3875
53,106.4097
55,106.4264
57,106.4431
59,106.4597
60,106.4708
64,106.5483
63,106.5519
61,106.8097
63,106.9375
64,106.9653
65,106.9986
67,107.0153
61,107.0403
71,107.1486
72,107.1597
73,107.1653
79,107.4211
80,107.4322
82,107.4822
81,107.7489
80,107.76
63,107.8383
64,107.8672
65,107.8817
67,107.9142
68,107.9286
70,107.9828
71,108.0525
73,108.1397
72,108.6647
71,108.8125
72,108.8342
71,108.9886
75,109.4156
74,109.4544
71,109.7378
72,109.8711
71,110.1492
72,110.16
69,110.2544
68,110.2767
66,110.4044
65,110.4211
63,110.4489
62,110.46
60,110.4767
59,110.4878
57,110.5433
56,110.5767
55,110.7658
56,110.7992
57,110.8047
59,110.9103
58,110.9214
57,110.9381
55,111.0161
53,111.0883
54,111.1383
59,111.5383
61,111.5994
64,111.6494
66,111.6883
67,111.7383
68,111.805
69,111.905
70,111.9772
76,112.4239
72,112.4272
71,112.5161
77,112.5286
76,112.5614
74,112.6956
71,112.7706
69,112.8378
68,112.8439
67,112.8589
65,112.8914
63,112.9311
60,112.9686
58,112.9803
57,112.9875
73,113.0497
74,113.0997
58,113.2333
59,113.2622
62,113.3778
71,113.3886
64,113.4139
65,113.4319
66,113.4681
67,113.4897
68,113.515
71,113.8928
72,113.9289
74,113.9942
75,114.0122
74,114.135
73,114.22
72,114.2442
71,114.2664
71,114.3331
74,114.3617
72,114.4942
73,114.5183
72,114.5436
71,114.6831
73,114.7381
72,114.8219
75,114.8408
71,114.9664
72,115.2942
71,115.3053
71,115.4225
71,115.5108
72,115.5489
73,115.7011
74,115.7119
75,115.7192
76,115.7264
77,115.7372
72,115.7872
77,115.8858
76,115.9178
74,115.9308
73,115.9381
72,115.9453
71,115.9525
70,115.9633
69,115.9739
67,115.9886
66,115.9958
64,116.0139
60,116.0556
56,116.085
53,116.1828
54,116.2008
73,116.265
72,116.3039
70,116.3206
68,116.3372
67,116.3428
66,116.3539
65,116.3594
62,116.3914
60,116.4081
57,116.4564
59,116.4578
60,116.4692
58,116.4822
59,116.5653
58,116.6897
56,116.7144
57,116.7253
57,116.7472
55,116.7639
56,116.7689
56,116.7694
54,116.8772
53,116.9061
58,116.9083
59,116.9194
52,116.9242
60,116.975
63,117.1961
64,117.2017
54,117.2025
55,117.2169
65,117.2183
56,117.2242
66,117.2294
68,117.2461
69,117.2517
59,117.2639
70,117.2794
59,117.3125
60,117.3269
61,117.3414
62,117.3486
63,117.3594
66,117.3956
68,117.4172
73,117.4794
70,117.4894
70,117.6247
71,117.6975
71,117.7192
70,117.7336
71,117.8383
69,117.8875
72,117.9128
71,117.9183
71,118.1519
80,118.1692
81,118.1767
82,118.1872
83,118.1947
84,118.2019
85,118.2053
87,118.2233
88,118.2344
72,118.2797
96,118.3011
71,118.3075
97,118.33
98,118.3336
99,118.3733
71,118.6717
97,118.7572
96,118.7644
90,118.8114
89,118.815
85,118.8547
84,118.8583
83,118.8656
81,118.8761
76,118.9539
75,118.9611
74,118.9683
73,118.9719
72,118.9792
70,118.9936
69,119.0008
68,119.0117
66,119.0225
65,119.0297
64,119.0406
59,119.0969
52,119.2219
51,119.2364
50,119.2581
73,119.3156
71,119.36
70,119.3656
69,119.3711
68,119.3822
66,119.4211
50,119.4928
67,119.5189
70,119.5969
71,119.6081
72,119.6136
73,119.6192
74,119.6303
73,119.6358
51,119.7786
50,119.7858
71,119.8058
50,119.8147
51,119.8328
52,119.84
53,119.8436
55,119.8617
72,119.8669
56,119.8689
59,119.8978
60,119.905
61,119.9122
63,119.9592
64,119.9628
73,120.1456
60,120.1483
61,120.1706
73,120.2617
72,120.2797
71,120.3083
70,120.3158
68,120.3339
67,120.3664
60,120.4094
59,120.415
58,120.4206
57,120.4372
58,120.4483
59,120.465
65,120.4681
60,120.4706
61,120.4817
64,120.4825
63,120.4897
64,120.5583
63,120.5728
61,120.6153
62,120.6375
61,120.6431
60,120.6542
64,120.6633
57,120.6819
56,120.6872
66,120.6994
67,120.7067
68,120.7139
59,120.7208
61,120.7319
69,120.7753
70,120.7861
70,120.8372
71,120.9239
65,121.0319
66,121.0375
73,121.0397
68,121.0542
69,121.0597
70,121.0653
72,121.0764
74,121.0986
76,121.1153
78,121.1417
77,121.1656
80,121.2544
72,121.2953
71,121.3097
72,121.3206
81,121.36
80,121.3989
73,121.4256
78,121.4375
72,121.5069
73,121.5181
74,121.5458
73,121.5514
72,121.6014
73,121.6792
74,121.6833
75,121.6942
73,121.7736
74,121.8231
75,121.8733
77,121.9047
72,121.9236
75,121.9336
74,121.9408
73,121.9481
71,121.9514
72,121.9903
72,121.9975
73,122.0336
73,122.0447
73,122.0767
75,122.0803
72,122.1044
76,122.1058
73,122.11
76,122.1564
74,122.1781
73,122.2033
73,122.3406
72,122.3622
71,122.7189
72,122.7406
72,122.8019
73,123.0156
72,123.0989
73,123.1822
72,125.8603
71,125.8658
72,126.2542
73,126.2647
74,126.2794
75,126.2975
74,126.3336
73,126.3444
74,126.3517
73,126.3625
72,126.395
73,126.3986
74,126.6297
72,126.7586
70,126.8272
69,126.8381
65,126.8611
62,126.8867
61,126.8939
60,126.9192
60,126.9628
61,126.9953
64,127.165
66,127.1939
67,127.2119
68,127.3911
64,127.4564
63,127.4619
62,127.48
61,127.4836
61,127.4944
61,127.5269
60,127.5522
70,127.6097
64,127.6606
71,127.6764
72,127.7097
66,127.7292
67,127.7797
71,127.7986
69,127.8267
70,127.8558
74,127.8708
75,127.8819
71,127.8828
72,127.9064
74,127.9153
73,127.9175
75,127.9375
74,127.9542
73,127.9653
71,127.9875
74,127.9936
68,128.0375
67,128.0486
66,128.0597
65,128.0875
76,128.0878
75,128.1094
73,128.1672
72,128.2003
73,128.2308
72,128.2736
68,128.4347
69,128.4744
65,128.51
62,128.5322
61,128.5378
60,128.5656
74,128.5883
59,128.6044
73,128.6753
58,128.7103
59,128.7211
74,128.7369
60,128.7378
73,128.7622
72,128.7767
63,128.8156
64,128.8267
65,128.8822
66,128.96
66,129.9767
67,130.0433
67,130.1044
70,130.4286
70,130.4936
71,130.5047
73,130.5325
68,130.5811
73,130.6158
73,130.7547
65,130.8361
64,130.8433
62,130.865
61,130.8758
59,130.8867
71,130.9047
70,130.9936
69,131.0047
68,131.0103
58,131.1172
66,131.1547
67,131.1658
72,131.5439
73,131.555
64,131.5714
71,131.5994
66,131.6381
72,131.6383
74,131.7217
70,132.0536
63,132.1131
61,132.1314
54,132.3533
53,132.3714
72,132.3939
51,132.4075
52,132.4256
51,132.4328
53,132.5378
71,132.5606
56,132.5811
72,132.705
72,132.8719
73,132.8922
74,132.9144
75,132.9256
76,132.9408
77,132.9686
75,133.0131
75,133.1522
74,133.1689
72,133.2022
71,133.2078
72,133.2189
70,133.2967
68,133.3467
56,133.4428
55,133.4572
53,133.5872
54,133.8367
55,133.8689
56,133.9486
57,133.9594
69,134.1133
68,134.1408
67,134.2019
65,134.2464
63,134.2797
71,134.3311
61,134.3575
63,134.4242
65,134.4464
66,134.4686
67,134.4797
68,134.4908
69,134.5464
73,134.5897
70,134.5908
74,134.6892
71,134.7356
74,134.7744
73,134.7783
74,134.7925
73,134.7964
70,134.8356
69,134.8689
73,134.8808
68,134.9133
70,134.9633
74,134.9717
71,134.9856
71,135.1356
73,135.1503
72,135.1831
73,135.2425
72,135.3542
72,135.5331
73,135.5603
72,135.5856
74,135.5997
73,135.6036
72,135.6422
76,135.6719
75,135.7219
74,135.7664
72,135.7942
71,135.8053
72,135.8219
69,135.9275
69,136.1928
71,136.2175
70,136.4114
71,136.4286
72,136.4758
70,136.5039
71,136.6872
70,136.7925
73,136.8628
71,136.9094
71,136.9372
72,136.9592
73,137.1725
73,137.2969
72,137.3156
78,137.3747
77,137.3969
78,137.4469
76,137.4914
73,137.5528
73,137.5553
74,137.5625
71,137.6372
76,137.6681
71,137.7019
77,137.7225
76,137.7475
72,137.7519
72,137.8242
76,137.8489
71,137.9019
76,137.9031
75,137.9139
74,137.9681
72,138.0075
73,138.0078
72,138.0256
73,138.0933
74,138.1042
71,138.1111
75,138.115
76,138.1222
72,138.1389
76,138.4072
74,138.4378
73,138.5058
73,138.5942
72,138.6086
73,138.6519
71,138.6833
72,138.6956
71,138.7039
69,138.7256
71,138.7778
67,138.9175
66,138.9247
65,138.95
64,138.9572
63,138.9644
61,138.9753
60,139.3103
61,139.3247
62,139.3861
63,139.4042
65,139.5561
66,139.5706
67,139.6322
72,139.7056
73,139.8864
74,139.9025
72,139.9833
68,140.075
65,140.1053
63,140.1275
72,140.1336
73,140.1447
62,140.1489
74,140.1669
60,140.1997
72,140.2169
61,140.2392
72,140.2447
71,140.2892
70,140.3558
61,140.3622
69,140.3669
67,140.3836
66,140.3947
65,140.4058
64,140.4225
60,140.4669
59,140.4725
58,140.4836
56,140.4947
55,140.5058
53,140.5169
52,140.5281
51,140.5336
50,140.5392
46,140.5725
42,140.5947
37,140.6392
36,140.6503
58,140.6589
35,140.6614
34,140.6669
32,140.6919
30,140.7081
57,140.7094
28,140.7192
27,140.7303
26,140.7358
23,140.7581
58,140.8325
23,140.8692
58,140.9483
57,141.185
56,141.1994
24,141.2192
26,141.2858
27,141.2969
29,141.3081
30,141.3136
32,141.3247
55,141.3294
53,141.3686
35,141.3747
52,141.3758
36,141.3858
50,141.3989
47,141.4294
46,141.4336
44,141.4553
43,141.4661
39,141.4747
40,141.4969
44,141.5528
43,141.5636
44,141.5747
46,141.5781
43,141.5914
44,141.6025
46,141.6136
48,141.6247
51,141.6525
52,141.6636
49,141.7192
50,141.7469
51,141.7581
53,141.7692
55,141.7858
56,141.7914
58,141.8081
47,141.8203
61,141.8303
63,141.8469
66,141.8803
46,141.8961
67,141.8969
68,141.9025
69,141.9136
70,141.9192
47,141.9253
49,141.9433
73,141.9581
53,141.9722
54,141.9794
55,141.9903
56,141.9975
57,142.0011
58,142.0083
59,142.0156
63,142.1189
64,142.1225
71,142.1583
68,142.1694
69,142.1767
70,142.2706
71,142.2814
73,142.3125
74,142.3197
75,142.3456
73,142.3458
76,142.3653
72,142.3792
71,142.3903
70,142.3958
67,142.4236
63,142.4569
62,142.4681
61,142.4958
60,142.5014
77,142.505
61,142.5517
63,142.5961
79,142.635
77,142.6906
75,142.7294
74,142.7389
64,142.7461
63,142.7739
72,142.815
65,142.8183
66,142.8628
67,142.8739
70,142.9128
70,142.9233
72,143.1797
71,143.2892
72,143.3111
72,143.5353
71,143.5464
71,143.6019
72,143.6242
73,143.6297
74,143.6742
73,143.8911
72,143.9467
75,144.2336
76,144.4336
74,144.4892
73,144.5003
72,144.5225
74,144.6156
72,144.6294
73,144.7128
74,144.8825
73,145.0214
74,145.0547
75,145.1158
76,145.1269
75,145.1436
74,145.1603
71,145.3311
70,145.3533
72,145.8425
73,145.8536
72,147.0461
73,147.2961
71,149.5314
70,149.5425
72,149.7017
73,149.7125
74,149.7306
75,149.745
73,149.8061
73,149.8242
74,149.9111
74,149.9436
72,150.0122
71,150.0881
70,150.1242
69,150.1583
69,150.2308
68,150.2456
66,150.3194
60,150.4025
59,150.4131
58,150.4242
68,150.4869
52,150.4947
51,150.52
52,150.5344
69,150.5369
51,150.5381
67,150.5647
52,150.6069
63,150.6311
53,150.6358
63,150.7028
59,150.7169
64,150.7472
68,150.7972
59,150.8331
73,150.8472
74,150.8583
72,150.9194
71,150.9806
61,150.9811
63,151.0172
71,151.0417
64,151.0569
65,151.0858
66,151.1111
67,151.1436
66,151.1583
65,151.1694
64,151.1861
68,151.1906
62,151.1969
61,151.2083
71,151.2864
54,151.2917
72,151.3044
73,151.3442
52,151.3694
71,151.3922
73,151.4722
72,151.6022
73,151.6419
71,151.7053
69,151.7992
51,151.9586
69,151.9983
65,152.1972
51,152.2031
64,152.2153
63,152.2406
60,152.2839
58,152.2947
57,152.3056
56,152.3128
49,152.6086
57,152.62
48,152.6697
58,152.6742
59,152.6886
60,152.7353
61,152.7933
63,152.8114
48,152.8142
64,152.8367
65,152.8439
68,152.8692
69,152.88
50,152.9142
69,153.095
70,153.1183
55,153.1261
71,153.1872
57,153.2253
64,153.2897
66,153.3064
68,153.3231
69,153.3342
70,153.3464
70,153.3508
71,153.3719
71,153.3731
72,153.3842
73,153.3897
74,153.4064
76,153.4175
78,153.4397
79,153.4564
81,153.4731
82,153.4842
84,153.5008
85,153.5064
86,153.5119
88,153.5286
69,153.5356
90,153.5453
71,153.6328
96,154.4344
90,154.4733
89,154.4789
85,154.5178
83,154.5289
82,154.54
80,154.5567
79,154.5622
78,154.5733
77,154.59
76,154.6178
69,154.6778
68,154.6875
67,154.6931
69,155.0208
68,155.1819
70,155.5058
68,155.6
67,155.6261
66,155.6367
65,155.6547
61,155.6803
66,155.7097
59,155.8103
56,155.8353
55,155.8428
54,155.85
53,155.8572
52,155.8644
51,155.8753
50,155.8861
47,155.9075
46,155.9114
37,155.9719
33,156.0031
31,156.0933
30,156.1006
29,156.1403
27,156.1617
66,156.4931
27,156.5244
67,156.5819
29,156.6003
31,156.6364
32,156.6436
34,156.6653
35,156.6725
36,156.6833
36,156.7231
37,156.7519
38,156.7808
68,156.7986
40,156.8242
42,156.8494
43,156.8603
69,156.9042
45,156.9144
71,157.2764
61,157.2781
60,157.3575
60,157.4081
61,157.4153
71,157.4708
62,157.4908
63,157.5219
70,157.5319
65,157.5547
67,157.6033
68,157.6142
70,157.6775
71,157.7117
72,157.7733
68,157.7822
71,157.8203
66,157.8489
65,157.86
59,157.9044
58,157.9267
70,157.9364
57,157.9378
76,158.1061
53,158.1156
75,158.1169
54,158.1269
52,158.1658
76,158.1858
51,158.1936
49,158.2325
74,158.2639
47,158.2714
41,158.3156
40,158.3211
39,158.3325
72,158.3617
34,158.3658
32,158.3825
31,158.3936
74,158.5067
33,158.5381
36,158.6047
37,158.6436
39,158.6603
44,158.7103
46,158.7381
47,158.7603
53,158.8269
55,158.8658
56,158.8825
55,158.8881
57,158.9269
58,158.9381
57,158.9436
60,159.0492
73,159.4322
72,159.4611
73,159.4683
72,159.4972
62,159.6869
62,159.8425
63,159.8536
65,159.8758
67,159.9203
69,160.1869
70,160.2125
69,160.2869
70,160.3897
71,160.4042
72,160.4611
70,160.4647
71,160.5425
72,160.6092
73,160.6622
71,160.6758
72,160.7314
71,160.7925
72,160.8519
72,160.9344
72,161.0542
73,161.1253
75,161.1756
76,161.2047
77,161.2653
78,161.2753
71,162.2033
69,162.3472
70,162.3947
71,162.4206
72,162.6283
73,162.6319
72,162.8014
73,162.87
72,162.9497
69,163.1519
68,163.2936
72,163.5217
71,163.5442
63,163.6697
62,163.7511
60,163.7908
72,163.9331
59,163.9361
71,163.9442
66,163.9775
65,163.9886
56,164.0144
55,164.0575
53,164.1133
54,164.15
55,164.1681
64,164.1778
63,164.1833
62,164.2056
61,164.2167
60,164.2556
57,164.2583
60,164.3278
60,164.4056
61,164.45
62,164.5111
63,164.5556
62,164.6
58,164.6125
60,164.6847
59,164.7444
58,164.75
55,164.7778
54,164.8486
56,165.01
60,165.1489
60,165.21
64,165.2867
60,165.4378
54,165.5044
66,165.5269
53,165.5378
67,165.5922
51,165.5986
68,165.5994
72,165.6478
51,165.6489
52,165.66
51,165.6881
74,165.7856
55,165.8103
73,165.8183
56,165.8214
59,165.8547
72,165.8667
71,165.8739
70,165.8811
64,165.9228
63,165.9297
62,165.9444
60,165.9589
59,165.9697
57,165.9839
56,165.995
57,165.9986
65,166.12
56,166.1483
67,166.1978
55,166.2819
67,166.2922
68,166.3033
54,166.3217
53,166.3397
69,166.3589
51,166.3686
70,166.37
71,166.395
72,166.4492
52,166.4989
72,166.5492
53,166.5567
54,166.5928
55,166.665
72,166.6714
56,166.6833
55,166.6944
54,166.7053
53,166.7558
52,166.7667
50,166.81
52,166.9011
58,166.9358
60,166.9467
62,166.9575
63,166.9647
60,167.2003
60,167.2403
64,167.3178
61,167.3972
71,167.3992
62,167.4044
69,167.4439
68,167.455
70,167.5272
71,167.5383
72,167.6161
66,167.6289
67,167.6361
68,167.6433
69,167.6469
70,167.6575
71,167.7106
74,167.805
72,167.8172
73,167.8244
74,167.8353
76,167.8994
74,168.0217
74,168.2331
71,168.29
76,168.2942
75,168.3442
74,168.3997
73,168.4161
70,168.4856
64,168.5272
63,168.5344
62,168.5453
61,168.5525
61,168.5633
60,168.5742
61,168.5922
60,168.625
60,168.7117
63,168.8019
64,168.8094
63,168.86
62,168.9214
60,168.9358
59,168.9431
73,168.9775
60,169.3122
61,169.3194
62,169.3303
63,169.3556
66,169.3989
67,169.4567
72,169.6219
69,169.7353
71,169.7569
72,169.7678
73,170.0556
71,170.0889
72,170.1169
73,170.1242
73,170.3014
72,171.0514
72,171.2178
72,173.1347
71,173.7331
69,173.8108
72,173.8228
73,173.8264
74,173.8517
75,173.8658
74,173.9019
73,173.9781
74,174.0069
74,174.0394
73,174.1367
72,174.1619
70,174.2553
70,174.2906
69,174.3158
68,174.3556
69,174.4164
70,174.4442
70,174.4797
71,174.4892
70,174.5053
69,174.5442
72,174.5581
74,174.6594
75,174.6775
76,174.6847
77,174.6956
79,174.7242
68,174.7667
77,174.7678
69,174.7889
76,174.7964
74,174.8183
73,174.8289
72,174.84
71,174.8506
70,174.8581
69,174.8653
68,174.8725
65,174.8975
72,174.9389
73,174.95
66,174.9575
67,175.0117
68,175.0639
69,175.0783
61,175.1922
71,175.1947
70,175.2058
61,175.2933
60,175.3475
60,175.4019
61,175.4056
67,175.4892
66,175.4947
65,175.5058
63,175.5225
63,175.5608
65,175.6403
59,175.6444
57,175.6614
52,175.6836
51,175.6892
50,175.6947
67,175.6981
47,175.7169
45,175.7281
44,175.7336
43,175.7392
42,175.7447
41,175.7503
65,175.7511
64,175.7542
38,175.7614
36,175.7725
33,175.7836
32,175.7892
30,175.7947
28,175.8058
27,175.8114
26,175.8225
61,175.8264
25,175.8336
24,175.8447
23,175.8503
22,175.8558
21,175.8614
18,175.8781
16,175.8947
15,175.9003
14,175.9058
12,175.9169
11,175.9225
10,175.9336
60,175.9456
59,175.9744
59,176.0358
0,176.0428
1,176.1325
59,176.1511
60,176.2778
61,176.3247
59,176.3542
61,176.6631
60,176.7247
61,176.7392
60,176.7536
64,176.8406
65,176.9033
66,177.1011
69,177.2292
70,177.3631
0,178.4383
2,178.5606
3,178.5661
4,178.5772
6,178.5939
7,178.5994
8,178.605
9,178.6106
10,178.6217
11,178.6328
12,178.6439
14,178.6494
15,178.655
17,178.6661
19,178.6828
20,178.6883
21,178.6939
26,178.7328
27,178.8828
26,179.1075
27,179.2364
69,179.2769
68,179.4722
67,179.5686
69,179.6267
29,179.6475
28,179.6808
70,179.7039
28,179.7364
26,179.7919
72,179.7961
73,179.8608
27,179.8756
32,179.9089
33,179.92
36,179.9478
74,179.9667
72,180.0447
73,180.1758
72,180.2419
37,180.2711
38,180.2822
71,180.2881
39,180.2933
40,180.3211
72,180.3228
66,180.7325
68,180.7825
72,180.8331
73,180.8764
70,180.9197
68,180.9342
65,180.9581
64,180.965
62,180.9867
59,181.0119
59,181.2019
60,181.2525
61,181.2631
67,181.2769
62,181.285
63,181.3211
66,181.3436
64,181.3789
66,181.4128
67,181.4203
70,181.5969
71,181.6158
72,181.6519
67,181.7103
66,181.7269
73,181.7353
72,181.7678
64,181.7714
63,181.7769
73,181.8814
63,181.9103
74,181.9289
75,181.9394
76,181.9722
74,182.0983
64,182.1328
72,182.1783
71,182.2981
63,182.3106
62,182.3272
73,182.3486
61,182.3767
75,182.3983
76,182.4092
58,182.4247
57,182.4358
53,182.4636
52,182.4692
50,182.4858
49,182.5025
48,182.5136
49,182.5469
50,182.5636
75,182.6053
51,182.6361
52,182.6417
74,182.6547
54,182.6639
55,182.675
57,182.6917
58,182.6972
57,182.7472
74,182.8444
56,182.8639
55,182.8917
55,182.9139
74,182.9239
54,182.925
53,182.9306
74,182.9853
51,183.0139
52,183.0361
59,183.2472
59,183.3083
73,183.3769
61,183.4417
72,183.53
62,183.5306
64,183.5472
66,183.5806
68,183.6083
69,183.6194
69,183.6472
70,183.7639
69,183.8139
68,183.8583
68,183.9861
69,184.0139
69,184.1086
70,184.1761
71,184.1869
72,184.4125
71,184.4944
71,184.5017
72,184.5183
70,184.5306
71,184.5847
68,184.6628
66,184.685
69,184.7156
67,184.7267
67,184.7969
62,184.8406
61,184.8517
60,184.8572
58,184.8683
64,184.8775
55,184.9072
56,184.9183
55,184.9794
57,185.0461
58,185.0572
62,185.0961
64,185.1183
67,185.1739
70,185.2406
63,185.4006
63,185.5017
61,185.5594
60,185.5956
71,185.6294
61,185.6644
72,185.7072
61,185.7081
58,185.7658
71,185.7781
56,185.7839
72,185.9225
54,186.0219
53,186.0547
52,186.0908
54,186.1306
59,186.3058
55,186.395
51,186.5672
56,186.6258
57,186.68
51,186.845
52,186.8561
59,186.8572
58,186.8608
51,186.8617
51,187.1006
53,187.1506
59,187.1569
54,187.1672
58,187.1819
55,187.1839
57,187.1919
56,187.195
60,187.245
56,187.2533
57,187.3025
56,187.3064
61,187.3228
63,187.3894
55,187.4225
56,187.4731
57,187.5275
64,187.5519
59,187.7081
64,187.7186
63,187.7297
61,187.7686
60,187.8019
59,187.8131
58,187.8186
57,187.8297
56,187.8817
55,187.8925
54,187.9322
59,187.9411
57,187.9947
56,188.0539
65,188.1247
67,188.1414
58,188.1697
58,188.2275
56,188.2675
54,188.3033
55,188.3289
68,188.3358
56,188.3419
66,188.3858
57,188.4036
66,188.4081
67,188.4358
56,188.4794
55,188.4903
56,188.7089
59,188.8283
61,188.9081
62,188.9156
65,188.9192
64,188.9372
63,188.9414
63,188.9661
59,188.9747
58,188.9803
57,188.9858
56,188.9914
54,189.0025
52,189.0192
49,189.0414
49,189.0581
51,189.1136
52,189.1247
63,189.1647
55,189.1969
56,189.2025
64,189.2119
57,189.2192
59,189.23
61,189.2411
62,189.2489
62,189.2517
63,189.2567
61,189.2589
64,189.2678
65,189.2844
66,189.2956
68,189.3344
58,189.3531
70,189.4122
58,189.4358
71,189.44
72,189.4511
73,189.4622
57,189.4939
55,189.5119
72,189.5458
54,189.5481
53,189.5769
71,189.6736
52,189.6928
72,189.7403
54,189.7433
71,189.7792
72,189.8403
54,189.9675
55,190.0003
57,190.0469
72,190.0681
58,190.0689
71,190.0847
58,190.3056
61,190.3672
62,190.3744
64,190.3961
65,190.4033
66,190.4067
67,190.4142
69,190.4483
70,190.4664
71,190.4772
72,190.6181
71,190.9456
71,191.0625
72,191.0847
74,191.0917
77,191.1242
78,191.1386
73,191.1878
72,191.1983
72,191.2656
75,191.2872
74,191.2983
72,191.3669
71,191.4953
72,191.5603
71,191.5792
73,191.5928
74,191.6217
73,191.6325
72,191.7047
71,191.7292
71,191.7372
70,191.7403
69,191.7514
67,191.7625
66,191.7736
63,191.7958
60,191.8125
59,191.8181
58,191.8236
57,191.8292
56,191.8347
55,191.8403
77,191.9069
55,191.9072
56,191.9183
57,191.9294
58,191.9628
78,191.9828
59,191.985
67,192.1406
71,192.2294
72,192.2683
72,192.4239
76,192.5997
75,192.6322
75,192.6903
74,192.7083
73,192.7156
72,192.7228
71,192.7372
70,192.8133
71,192.8856
74,193.2353
75,193.2519
76,193.3186
71,193.3442
77,193.3519
72,193.3586
78,193.3797
75,193.4353
75,193.4797
76,193.4908
73,193.5394
74,193.5408
73,193.5464
72,193.5908
72,193.6075
73,193.6186
72,195.6481
72,197.8569
74,197.9008
75,197.9156
69,197.9181
73,197.9806
72,198.0167
73,198.0239
73,198.0922
72,198.1144
71,198.1217
71,198.1542
70,198.1614
71,198.1722
70,198.1939
69,198.2008
68,198.2083
64,198.2353
62,198.2533
61,198.2606
59,198.2967
57,198.3172
56,198.3206
54,198.3314
53,198.3386
51,198.3494
49,198.3603
45,198.3892
43,198.4
40,198.4144
38,198.4253
36,198.4361
35,198.4397
34,198.4433
24,198.5144
70,198.5181
21,198.5361
19,198.5467
16,198.5686
15,198.5758
13,198.5867
12,198.5939
11,198.5975
69,198.6125
9,198.6478
68,198.6514
69,198.6625
4,198.6842
1,198.7342
68,198.7736
2,198.8231
67,198.8403
66,198.8569
7,198.8661
8,198.8722
65,198.9458
10,199.0525
13,199.1139
14,199.1175
15,199.1356
17,199.1572
17,199.1969
19,199.2731
21,199.3286
20,199.3433
22,199.3939
23,199.4517
22,199.4661
18,199.5386
19,199.6072
21,199.6397
24,199.8169
25,199.8494
26,199.9647
27,199.9903
28,200.0228
32,200.2286
35,200.2647
37,200.3189
39,200.3369
41,200.3478
42,200.3586
48,200.4044
49,200.4117
51,200.4297
52,200.4333
54,200.4478
57,200.4717
58,200.4753
59,200.4825
63,200.5078
64,200.5294
66,200.5511
67,200.5583
68,200.5619
66,200.7069
67,200.7181
71,200.7189
72,200.7336
72,200.9361
63,200.9569
76,201.0989
64,201.1236
61,201.2292
60,201.2347
59,201.2403
74,201.2447
58,201.2458
55,201.2681
54,201.2736
72,201.3061
52,201.3181
50,201.3403
71,201.3422
47,201.4403
45,201.4514
44,201.4569
42,201.4681
41,201.4792
38,201.4958
34,201.5181
24,201.8442
73,201.8753
25,201.8831
74,201.9419
27,202.0053
28,202.0164
29,202.0219
30,202.0311
32,202.0431
34,202.0931
71,202.1225
33,202.1708
32,202.1819
31,202.2097
30,202.3375
29,202.3486
27,202.4431
28,202.4597
26,202.5208
25,202.5653
24,202.5764
23,202.5819
21,202.5986
23,202.6264
25,202.9483
26,202.9764
27,203.0486
70,203.0775
28,203.1153
29,203.1264
30,203.1319
33,203.1542
32,203.1986
69,203.2883
68,203.3658
29,203.5767
28,203.6156
27,203.6433
26,203.6711
62,203.705
60,203.7339
61,203.7411
27,203.7822
61,203.8567
60,203.8675
61,203.8711
29,204.01
64,204.0339
30,204.0378
31,204.0489
65,204.0519
66,204.0628
32,204.0933
70,204.1386
70,204.1767
69,204.1875
65,204.2222
64,204.2439
60,204.3233
58,204.3381
56,204.3522
54,204.3631
53,204.3703
52,204.3775
51,204.3847
46,204.4325
43,204.4519
34,204.5139
32,204.5275
31,204.5383
30,204.5419
29,204.5492
28,204.6053
27,204.6342
26,204.6528
27,204.8008
34,204.81
36,204.8267
38,204.8433
40,204.86
41,204.8767
43,204.8989
50,204.9425
52,204.9647
55,204.9814
60,205.0147
61,205.0203
64,205.0425
65,205.0536
67,205.0703
68,205.0758
71,205.1036
72,205.1147
72,205.1486
73,205.1689
74,205.1911
29,205.2089
30,205.2197
31,205.2269
32,205.2378
34,205.2631
35,205.2739
36,205.2992
37,205.3208
38,205.3353
39,205.4019
73,205.4678
39,205.4989
72,205.5011
70,205.5233
41,205.5242
69,205.5344
42,205.5383
68,205.54
64,205.5733
43,205.5744
44,205.5964
62,205.6011
45,205.6072
61,205.6178
46,205.6181
60,205.6233
58,205.6344
57,205.64
47,205.6433
55,205.6511
48,205.6614
52,205.6733
51,205.6789
50,205.6844
47,205.735
48,205.7456
47,205.7622
48,205.8364
51,205.8956
54,205.9397
55,205.9469
57,206.0939
58,206.1411
48,206.2067
47,206.2178
59,206.3589
47,206.3844
60,206.395
60,206.4347
61,206.4492
50,206.5178
62,206.5358
64,206.5994
65,206.6244
66,206.6392
67,206.6753
54,206.6956
69,206.7078
70,206.7383
54,206.7403
71,206.7453
56,206.8569
58,206.9292
59,206.9625
58,206.9736
57,206.9903
58,207.0125
74,207.0486
55,207.3014
71,207.3536
72,207.4225
73,207.5525
58,207.5892
60,207.6114
61,207.625
72,207.6575
73,207.6719
72,207.7117
62,207.76
63,207.7711
64,207.7878
69,208.0606
71,208.0744
70,208.1814
71,208.1906
68,208.2106
70,208.2253
70,208.3556
71,208.5272
68,208.6867
72,208.7383
67,208.7647
73,208.7883
72,208.7939
74,208.8328
66,208.8336
63,208.8661
61,208.8806
76,208.8828
77,208.8994
78,208.9439
77,208.9717
76,208.9939
75,209.0106
73,209.055
72,209.0661
71,209.0717
60,209.1658
61,209.3069
60,209.3106
59,209.3503
58,209.3792
57,209.39
56,209.3936
73,209.4053
54,209.4081
53,209.4153
74,209.4331
76,209.4553
77,209.4608
78,209.4775
46,209.4972
44,209.5117
77,209.5164
43,209.5189
42,209.5297
41,209.5333
78,209.5386
77,209.5831
76,209.5997
73,209.6442
31,209.6528
29,209.6672
27,209.6925
72,209.6942
28,209.7175
72,209.7331
31,209.9194
34,209.9697
37,210.0031
39,210.0172
41,210.0319
42,210.0392
44,210.0533
47,210.0839
49,210.0917
51,210.1061
53,210.1314
55,210.1567
58,210.2108
59,210.2361
61,210.2542
62,210.2614
63,210.2722
64,210.2794
65,210.2867
66,210.3011
67,210.3119
69,210.3336
73,210.3553
71,210.3831
71,210.4375
71,210.5583
70,210.5656
53,210.5808
51,210.5933
69,210.6031
49,210.6044
48,210.61
47,210.6156
44,210.6322
42,210.6433
41,210.6489
37,210.6656
32,210.6878
30,210.6989
29,210.7044
70,210.7172
26,210.7767
25,210.7878
20,210.8864
19,210.8919
17,210.9086
70,210.9489
16,210.9531
69,210.9617
61,211.0828
17,211.0864
16,211.2531
18,211.3086
57,211.3194
19,211.3308
20,211.3475
55,211.365
21,211.4086
23,211.4253
28,211.4808
30,211.5308
33,211.5475
36,211.5586
38,211.5697
40,211.5808
41,211.5864
44,211.5975
45,211.6031
46,211.6086
51,211.6864
52,211.6975
53,211.7031
54,211.7142
55,211.7808
56,211.8589
56,211.8836
57,211.8944
58,211.8978
61,211.9308
61,211.9756
58,212.0447
57,212.0714
60,212.22
59,212.2256
58,212.2311
55,212.2478
54,212.2533
53,212.2589
51,212.27
50,212.2756
49,212.2867
48,212.2978
49,212.32
58,212.3481
52,212.4867
53,212.4978
55,212.52
56,212.5311
58,212.5478
57,212.5506
60,212.5644
55,212.6011
54,212.6083
53,212.6156
52,212.6228
51,212.6264
50,212.6336
62,212.6478
65,212.6811
66,212.6922
50,212.7039
70,212.7422
73,212.8033
72,212.8089
51,212.8197
71,212.8256
72,212.8314
52,212.8703
54,212.9172
55,213.0367
56,213.0728
59,213.0908
60,213.0944
61,213.1017
62,213.1053
63,213.1125
65,213.145
67,213.1594
69,213.1775
72,213.3925
71,213.4092
71,213.4592
68,213.4708
69,213.8361
69,213.8686
70,213.9128
71,213.9678
72,213.9786
74,214.0436
73,214.0725
72,214.1092
74,214.1411
71,214.1592
72,214.2092
73,214.2644
74,214.4283
80,214.6806
81,214.7147
85,214.7614
86,214.7892
89,214.8325
88,214.9372
86,214.9661
85,214.995
84,214.9986
83,215.0058
82,215.0164
81,215.0275
73,215.0869
74,215.1317
72,215.1603
71,215.1894
74,215.3314
72,215.3536
72,215.3556
72,215.5469
67,215.5578
66,215.5633
65,215.5689
64,215.5744
63,215.5856
73,215.5903
64,215.6411
72,215.6444
65,215.6692
67,215.7247
68,215.7358
69,215.7414
72,215.7511
71,215.7914
72,215.8414
