63,0.0028
71,0.1464
59,0.1472
70,0.1797
68,0.1964
67,0.2019
65,0.2686
63,0.2964
61,0.3131
61,0.3519
61,0.4242
63,0.4686
59,0.5161
60,0.5269
65,0.5408
66,0.5519
60,0.5703
60,0.5883
61,0.6681
59,0.6969
64,0.8797
60,0.94
59,0.9722
59,0.9775
57,1.0461
60,1.05
61,1.0556
53,1.1075
62,1.15
64,1.1611
66,1.1722
53,1.18
68,1.1889
69,1.2056
55,1.2992
71,1.3056
73,1.3167
57,1.3517
59,1.3625
60,1.3697
71,1.3778
61,1.3806
72,1.4
73,1.4167
72,1.4222
63,1.5036
65,1.6158
68,1.7281
74,1.8253
73,1.8581
73,1.9739
72,1.9847
73,2.0461
73,2.1581
72,2.1869
71,2.5592
72,2.5661
73,2.5881
72,3.1061
72,3.7728
73,4.5228
73,5.5228
70,5.7264
69,5.7708
75,6.0981
74,6.1342
73,6.1558
72,6.2211
73,6.2464
71,6.3511
70,6.4097
73,6.4764
71,6.4767
72,6.5489
71,6.5608
72,6.5919
69,6.7039
68,6.7328
69,6.7722
70,6.8283
69,6.8667
70,6.8842
69,7.0525
68,7.0597
65,7.0856
71,7.0911
64,7.0944
62,7.1233
61,7.1956
69,7.2467
67,7.2689
60,7.315
61,7.3222
61,7.3578
60,7.3633
59,7.3744
63,7.4594
57,7.4633
65,7.5172
58,7.5756
68,7.5931
69,7.6003
70,7.6075
72,7.6361
58,7.7025
59,7.7136
72,7.8239
71,7.8817
60,7.8969
69,7.9972
61,8.0358
64,8.2367
63,8.2414
64,8.2581
65,8.2803
66,8.2914
67,8.3025
69,8.3192
63,8.32
62,8.3344
61,8.3489
60,8.3561
59,8.3922
70,8.4081
57,8.4569
56,8.4825
57,8.6083
59,8.6286
66,8.6472
60,8.6944
64,8.6972
61,8.7125
63,8.7525
62,8.7583
60,8.7806
59,8.7917
56,8.8139
65,8.8175
55,8.8194
66,8.8247
53,8.8361
51,8.8472
69,8.85
50,8.8694
48,8.9028
47,8.9083
46,8.9139
44,8.9303
72,8.935
43,8.9358
42,8.9472
41,8.9528
73,8.97
38,8.975
37,8.9806
73,9.1592
71,9.2386
23,9.3472
70,9.3506
22,9.3528
71,9.3653
21,9.3694
21,9.4361
24,10.1167
70,10.9742
67,11.2189
64,11.2822
62,11.3039
61,11.3075
60,11.3183
58,11.3292
60,11.5317
63,11.6003
69,11.9
68,11.925
69,11.9542
72,12.1347
73,12.1878
72,12.2894
70,12.3797
70,12.4994
72,12.6097
73,12.6242
74,12.7172
70,12.8069
70,12.8214
72,13.0369
70,13.1786
69,13.1858
68,13.1931
69,13.2111
70,13.3119
72,13.5994
75,13.7528
76,13.9275
74,14.1708
74,14.2614
72,14.3572
74,14.56
75,14.5817
76,14.5925
80,14.6375
82,14.6592
80,15.6586
53,15.6608
56,15.6997
59,15.7275
75,15.7433
74,15.7542
61,15.7556
62,15.8497
64,15.9386
65,15.9556
68,16.0167
69,16.0278
71,16.1983
70,16.2761
71,16.2906
70,16.3742
71,16.4408
69,16.4478
68,16.5533
72,16.5856
71,16.6289
69,16.6561
68,16.6597
68,16.7089
67,16.7381
65,16.8478
71,16.8922
64,16.895
72,16.9367
62,16.9422
71,17.0014
58,17.0122
54,17.0442
53,17.05
52,17.0572
49,17.0847
46,17.1136
44,17.1244
43,17.1353
72,17.1419
42,17.1425
40,17.1606
39,17.1931
72,17.2064
37,17.2147
35,17.2786
39,17.5053
38,17.545
38,17.6083
42,17.7997
43,17.8178
42,17.9228
43,17.93
41,18.035
40,18.0422
39,18.0531
38,18.0603
37,18.0747
36,18.0892
34,18.1253
32,18.3078
33,18.3872
34,18.4414
37,18.4594
38,18.4667
39,18.47
40,18.4775
41,18.4847
42,18.4881
45,18.5117
46,18.5156
47,18.5228
50,18.5517
51,18.5614
52,18.5722
54,18.6878
55,18.7381
56,18.7456
57,18.7636
60,19.2417
59,19.2633
60,19.3464
61,19.3717
62,19.3825
64,19.3933
65,19.4222
64,19.5456
62,19.5561
61,19.5636
60,19.5853
59,19.5961
58,19.6069
57,19.6358
55,19.6719
55,19.7478
57,19.845
59,20.1872
61,20.2125
60,20.2233
61,20.2414
61,20.2922
60,20.3464
61,20.3533
58,20.5214
56,20.6186
55,20.8372
56,20.8569
57,20.8956
56,21.0006
55,21.0697
54,21.0806
55,21.0986
58,21.2519
60,21.2894
61,21.2964
62,21.3075
63,21.3581
69,21.3889
68,21.415
64,21.5106
63,21.5161
62,21.5272
66,21.5353
61,21.5439
67,21.5464
60,21.5828
65,21.595
64,21.6022
63,21.6131
57,21.6217
61,21.6383
55,21.6494
55,21.6717
54,21.6817
53,21.6889
49,21.7131
47,21.7311
54,21.7328
46,21.7381
44,21.7492
43,21.7561
38,21.7867
37,21.7939
35,21.8047
33,21.8272
51,21.8328
52,21.8439
31,21.8714
30,21.8858
51,21.8939
29,21.9781
51,21.9825
51,21.9939
50,22.0328
52,22.0717
53,22.0883
55,22.1272
56,22.1328
58,22.1494
65,22.3383
27,22.3539
68,22.355
69,22.3661
71,22.3883
72,22.4106
28,22.4692
72,22.555
27,22.5558
71,22.5661
72,22.5883
24,22.6425
23,22.6497
21,22.675
20,22.6822
18,22.7075
17,22.7483
16,22.8403
15,22.8875
14,22.8961
13,22.9069
12,22.9178
13,22.9358
15,22.9464
17,22.9575
18,22.9611
19,22.9644
20,22.9719
22,22.9792
23,22.9825
24,22.9864
25,22.99
27,23.0044
29,23.0225
30,23.0297
31,23.0333
32,23.0367
33,23.0442
34,23.0478
36,23.0547
39,23.0694
45,23.1056
46,23.1128
47,23.1164
48,23.1236
49,23.1269
50,23.1308
72,23.1608
48,23.1631
70,23.1775
69,23.1828
68,23.1886
47,23.2139
64,23.2164
62,23.2331
48,23.2428
59,23.2497
58,23.2553
57,23.2608
56,23.2664
47,23.2714
56,23.2831
55,23.2997
47,23.32
54,23.3219
56,23.4164
57,23.4219
58,23.4386
60,23.4664
47,23.4936
61,23.5108
46,23.5186
60,23.5331
61,23.5497
60,23.6275
58,23.6386
48,23.6417
57,23.6442
55,23.6553
52,23.6719
49,23.6742
50,23.6831
48,23.7139
53,23.7556
52,23.7611
54,23.8
55,23.8111
56,23.8222
57,23.8278
58,23.8333
60,23.8444
49,23.8511
51,23.8728
61,23.8944
53,23.9053
54,23.9339
53,23.945
54,23.9486
53,23.9919
70,48.1467
60,48.1769
59,48.2167
58,48.3103
57,48.3464
58,48.3503
56,48.3989
55,48.4061
54,48.4278
53,48.435
52,48.4422
52,48.5217
51,48.5289
74,48.5592
51,48.6086
73,48.6097
50,48.6158
51,48.6375
50,48.6519
48,48.6664
47,48.67
46,48.6772
42,48.6975
41,48.7047
72,48.7153
39,48.7158
38,48.7194
36,48.7519
34,48.7628
31,48.8242
28,48.8386
26,48.8492
24,48.8603
23,48.8672
22,48.8783
20,48.8928
17,48.9433
16,48.9506
18,49.0083
71,49.0183
19,49.0228
20,49.0553
71,49.1072
72,49.1128
24,49.1144
73,49.1294
76,49.2017
77,49.2911
78,49.3017
77,49.3183
78,49.3239
76,49.3406
75,49.3461
74,49.3517
73,49.3572
67,49.3906
66,49.3961
64,49.4128
63,49.4183
61,49.4294
60,49.4517
59,49.4628
56,49.4964
55,49.5686
56,49.5908
57,49.6019
58,49.6186
26,49.6356
27,49.6644
28,49.6753
63,49.6964
65,49.7131
30,49.7222
31,49.7331
32,49.7403
67,49.7464
33,49.7511
34,49.7694
35,49.7767
37,49.8056
38,49.8125
41,49.8428
70,49.8728
71,49.895
72,49.9006
73,49.9061
45,49.9367
46,49.9439
50,50.0017
73,50.0394
55,50.1933
58,50.2256
59,50.2464
60,50.2536
61,50.2608
62,50.2683
64,50.3008
66,50.3261
68,50.3442
69,50.3514
70,50.3622
71,50.3731
73,50.8297
72,53.7464
71,53.7519
73,53.7539
69,53.8964
74,54.3072
73,54.3472
73,54.3869
69,54.4242
73,54.4556
68,54.4742
74,54.4772
69,54.4853
73,54.5314
70,54.5353
69,54.5686
72,54.6167
71,54.6456
68,54.7433
67,54.8064
65,54.8281
61,54.8642
59,54.8786
69,54.8853
55,54.9039
54,54.9147
53,54.9292
69,55.0467
53,55.0556
54,55.1061
72,55.1133
71,55.1356
55,55.1642
55,55.2147
56,55.2256
60,55.2886
71,55.3911
58,55.4369
60,55.5503
60,55.59
63,55.655
64,55.6839
66,55.7633
67,55.7922
73,55.9847
72,56.0531
73,56.08
70,56.1978
63,56.2244
62,56.2467
59,56.2689
58,56.2744
56,56.3022
72,56.4847
55,56.4856
53,56.58
71,56.6103
52,56.6133
51,56.6522
50,56.6689
49,56.68
48,56.7022
70,56.8272
66,56.8703
65,56.8872
63,56.9414
50,56.9856
63,57.2467
64,57.3044
67,57.3406
68,57.3514
70,57.3964
71,57.4208
70,57.485
70,57.5444
71,57.595
51,58.2969
47,58.3692
43,58.4303
41,58.4469
38,58.4636
35,58.5081
34,58.5192
70,59.0292
68,59.2719
50,59.2803
51,59.2858
52,59.2969
56,59.3192
57,59.3247
65,59.3442
63,59.3564
62,59.3636
63,59.3692
62,59.3747
60,59.3928
65,59.3969
58,59.4108
59,59.5414
68,59.6525
69,59.6747
70,59.7581
58,59.8417
59,59.8669
58,59.8803
68,59.8858
57,59.8958
66,59.8969
65,59.9025
64,59.9136
56,59.9175
63,59.9303
62,59.9414
58,59.9692
57,59.9747
57,59.9808
56,59.9858
55,59.9914
58,59.9917
53,60.0025
52,60.0081
61,60.0264
49,60.0469
48,60.0692
62,60.1094
64,60.155
65,60.1731
47,60.1914
66,60.2308
68,60.2744
70,60.4386
71,60.5056
73,60.5236
72,60.6392
70,60.6669
71,60.6886
70,60.7067
70,60.7656
68,60.7806
65,60.8039
64,60.8114
62,60.8367
48,60.8414
61,60.8439
47,60.8469
60,60.8511
55,60.8872
54,60.8944
53,60.9017
46,60.9572
45,60.9611
44,60.9683
42,60.9864
38,61.01
36,61.0247
32,61.0897
31,61.115
48,61.1358
49,61.1525
50,61.1914
31,61.1933
32,61.2078
33,61.2364
34,61.2692
35,61.2872
52,61.4028
53,61.4306
56,61.475
37,61.5303
40,61.5625
40,61.5842
56,61.5861
42,61.5986
55,61.6139
54,61.6194
45,61.6267
48,61.6406
53,61.6417
52,61.6472
50,61.6586
51,61.6639
49,61.6806
57,61.7075
58,61.7167
50,61.775
64,61.7853
51,61.7972
65,61.7997
67,61.8106
68,61.8178
52,61.825
53,61.8361
69,61.8575
54,61.8583
70,61.9189
56,61.925
57,61.9361
59,61.975
74,62.0986
60,62.1031
61,62.1194
73,62.2161
72,62.2378
64,62.275
73,62.2794
74,62.3508
64,62.4233
63,62.4456
62,62.4622
59,62.4844
58,62.49
57,62.5011
56,62.5122
71,62.6369
69,62.6575
66,62.7403
65,62.7619
64,62.7764
62,62.7981
61,62.8089
59,62.8306
58,62.8417
58,62.9011
61,63.0456
61,63.1017
62,63.1233
66,63.1594
68,63.2533
66,63.3233
67,63.3678
66,63.3956
63,63.4408
72,63.7325
64,63.9294
65,63.9458
66,63.9681
65,63.9792
68,64.1181
71,64.1503
69,64.1569
70,64.1739
71,64.2
69,64.2514
68,64.2903
69,64.2958
70,64.5633
68,64.5847
67,64.635
68,64.7236
69,64.7572
70,64.7903
72,64.9625
72,65.0453
71,65.0597
72,65.085
72,65.1294
71,65.1794
69,65.1933
65,65.2244
64,65.235
62,65.2961
60,65.3181
59,65.3289
60,65.3469
60,65.3794
71,65.4072
72,65.4239
74,65.5128
58,65.6194
56,65.6736
55,65.6808
72,65.6906
71,65.7128
54,65.7169
72,65.7183
51,65.8217
52,65.9014
53,65.9519
56,66.0025
59,66.0278
60,66.0386
60,66.1692
61,66.1761
62,66.3292
72,66.6114
72,66.7167
71,66.7781
65,66.8508
64,66.9086
65,67.3133
64,67.5469
72,67.6497
61,67.7025
72,67.7886
72,67.8608
72,68.1386
54,68.1408
71,68.1886
53,68.1914
52,68.2058
51,68.2239
51,68.2383
50,68.4592
51,68.4953
41,68.5683
39,68.5842
37,68.5914
72,68.6831
32,68.7903
29,68.8375
27,68.9567
71,69.0553
25,69.0697
72,69.1164
27,69.2997
28,69.3106
27,69.3142
29,69.3614
30,69.3758
71,69.4386
33,69.4914
72,69.5108
36,69.5275
39,69.5456
40,69.5492
41,69.5564
47,69.6419
49,69.6564
50,69.6636
51,69.6708
52,69.6781
55,69.7069
56,69.7467
54,69.8472
72,69.8497
53,69.8531
52,69.8856
71,69.8886
50,69.9142
48,69.9542
72,69.9553
44,70.1511
42,70.1817
40,70.2047
39,70.2086
38,70.2197
35,70.2594
34,70.2775
33,70.2883
32,70.2919
30,70.3028
28,70.3156
25,70.3839
23,70.4272
22,70.4453
21,70.4814
72,70.5108
71,70.5553
23,70.5789
72,70.7164
71,70.8942
22,70.9986
21,71.0167
22,71.1539
23,71.3489
24,71.36
25,71.3708
27,71.4286
26,71.4392
26,71.5153
25,71.6017
24,71.7392
23,71.7753
21,71.8511
20,71.8914
21,71.9167
22,71.9347
23,71.9489
22,71.9528
24,71.9781
58,72.18
57,72.1856
55,72.1978
53,72.2103
52,72.2131
51,72.2186
50,72.2242
48,72.2353
47,72.2408
46,72.2464
25,72.2511
45,72.2519
44,72.2575
42,72.2686
41,72.2742
39,72.2853
26,72.2906
37,72.2964
36,72.3019
34,72.3131
33,72.3186
30,72.3353
29,72.3408
28,72.3464
27,72.3575
28,72.3797
27,72.4031
27,72.4075
25,72.4353
26,72.5244
28,72.5656
27,72.58
28,72.5856
29,72.6056
31,72.6197
34,72.6489
29,72.6856
30,72.6967
31,72.7078
39,72.8133
40,72.8189
41,72.83
42,72.8522
43,72.8578
46,72.8856
51,72.9356
53,72.9522
54,72.9633
55,72.9689
56,72.9744
57,73.0244
59,73.0356
60,73.0411
61,73.0522
62,73.0578
37,73.0614
38,73.0725
40,73.0975
65,73.1078
41,73.1194
42,73.1303
43,73.1375
67,73.1856
46,73.2058
69,73.2133
70,73.2189
69,73.3411
68,73.3636
67,73.3744
71,73.5358
72,73.5803
53,73.8178
54,73.825
56,73.8392
72,73.8525
59,73.8572
73,73.8581
61,73.8683
63,73.8828
64,73.89
65,73.8972
66,73.9081
70,74.0092
71,74.0197
72,74.0914
73,74.1525
71,74.1739
72,74.1775
73,74.1919
72,76.1122
72,77.7747
71,77.7858
69,77.8636
72,77.9456
73,78.0825
72,78.1406
73,78.1442
72,78.1478
73,78.1514
74,78.1728
74,78.2236
73,78.2344
74,78.2417
73,78.2561
72,78.285
73,78.3097
73,78.3486
73,78.4361
71,78.47
65,78.5114
61,78.5553
60,78.5697
61,78.5878
70,78.6136
60,78.6203
60,78.6492
69,78.6969
70,78.7914
70,78.8692
67,78.9019
68,78.9344
70,78.9922
71,79.0303
72,79.0736
73,79.1039
69,79.1081
70,79.1247
69,79.2189
68,79.2914
62,79.3414
61,79.3469
60,79.3581
59,79.3636
57,79.3803
57,79.5358
70,79.5775
69,79.6061
68,79.6569
70,79.785
71,79.8844
72,79.9494
73,79.9783
57,79.9914
70,80.1842
56,80.1917
69,80.2239
68,80.2781
55,80.325
70,80.3967
56,80.4361
73,80.4714
59,80.4903
61,80.5236
62,80.5792
72,80.6053
66,80.6125
67,80.6236
68,80.6792
72,80.7083
69,80.7406
70,80.8708
68,80.9294
71,80.9503
70,80.9631
71,80.9847
62,81.1072
61,81.1183
60,81.1239
77,81.1275
59,81.1294
57,81.1461
55,81.1572
76,81.1672
53,81.1739
51,81.185
75,81.1853
49,81.2072
48,81.2183
46,81.2294
45,81.2406
44,81.2461
43,81.2961
73,81.3417
41,81.4017
42,81.4406
43,81.4517
72,81.4572
42,81.5294
40,81.5572
39,81.5628
34,81.685
33,81.6961
70,81.7881
73,82.6689
72,82.7158
71,82.7267
69,82.8394
70,82.9061
35,82.9719
36,82.9831
38,83.0719
71,83.1072
36,83.1108
35,83.1497
33,83.2053
72,83.3353
36,83.3778
73,83.4075
36,83.4778
68,83.4978
66,83.555
65,83.5608
39,83.5767
61,83.6042
40,83.61
58,83.6294
57,83.6367
53,83.6617
52,83.6692
51,83.6764
42,83.6822
49,83.6944
48,83.7017
47,83.7089
46,83.7158
45,83.7233
41,83.7433
41,83.7519
40,83.7544
37,83.7825
36,83.7864
43,83.7933
44,83.7989
45,83.8044
46,83.8156
33,83.8167
47,83.8211
50,83.8711
51,83.8989
52,83.91
53,83.9322
32,83.935
54,83.9656
55,84.0211
58,84.1433
59,84.2544
60,84.2875
63,84.5656
36,84.5756
66,84.6267
42,84.6697
43,84.6878
47,84.7528
49,84.7817
50,84.7889
53,84.8322
54,84.8431
57,84.8936
60,84.9331
61,84.935
63,84.9639
64,84.9733
67,85.0711
68,85.1308
69,85.3781
66,85.4269
66,85.4436
67,85.4881
68,85.4992
70,85.5683
69,85.5714
69,85.5756
68,85.59
67,85.5972
66,85.6044
64,85.6297
73,85.7658
74,85.8214
78,85.8936
71,86.0992
68,86.2053
69,86.2828
66,86.2933
65,86.3014
66,86.3483
68,86.3997
68,86.4461
70,86.6219
66,86.69
67,86.7044
71,86.7331
70,86.7442
69,86.7717
68,86.9575
66,87.1961
73,87.3669
73,87.5908
66,87.8075
67,87.8742
68,87.8908
71,88.4797
67,88.4864
72,88.5186
61,88.6128
60,88.6236
59,88.6308
58,88.6381
71,88.6394
57,88.6706
72,88.6783
71,88.7561
57,88.8117
72,88.9506
56,88.985
55,88.9989
56,89.0392
57,89.05
58,89.0572
59,89.0681
60,89.1781
66,89.9047
67,90.3081
71,90.4064
70,90.4119
67,90.4397
62,90.5175
61,90.5231
59,90.6342
68,90.6478
69,90.8214
70,90.9358
72,91.1275
71,91.1417
60,91.2003
61,91.2058
70,91.2311
71,91.2317
60,91.2617
61,91.2672
67,91.4428
63,91.5175
66,91.6611
64,91.7486
65,91.7553
65,91.7653
66,91.8219
68,91.8319
65,91.8364
69,91.8431
64,91.8436
71,91.8708
60,91.9122
59,91.9233
54,91.9667
53,91.9775
52,92.0117
51,92.0878
53,92.1347
72,92.1803
55,92.2
56,92.2072
57,92.2144
58,92.2214
61,92.2575
63,92.3756
64,92.3864
72,92.3986
71,92.4042
70,92.4097
69,92.4208
63,92.4708
65,92.4769
61,92.4875
60,92.4931
66,92.5636
67,92.6106
60,92.6375
69,92.69
58,92.7264
55,92.7819
73,92.8036
75,92.8219
76,92.8325
78,92.8706
72,92.9386
57,92.9767
60,93.0767
62,93.0989
63,93.11
70,93.2167
63,93.2544
62,93.3042
61,93.36
60,93.3711
61,93.5544
63,93.5714
65,93.5992
70,93.6556
71,93.7242
69,93.7325
70,93.8014
70,93.8214
71,93.8992
72,93.9503
71,94.1269
70,94.1325
69,94.1381
68,94.1492
66,94.1603
65,94.1714
71,94.1744
64,94.1769
63,94.1936
61,94.2158
60,94.2214
70,94.2378
59,94.2603
71,94.2847
71,94.3244
58,94.3881
72,94.3933
59,94.4214
59,94.4714
58,94.4825
56,94.5047
55,94.5158
71,94.5339
52,94.7106
53,94.7494
52,94.7606
50,94.7828
47,94.8106
46,94.8161
45,94.8217
43,94.8383
41,94.855
40,94.8661
39,94.8717
38,94.8772
36,94.8883
35,94.8994
34,94.905
32,94.9161
30,94.9217
28,94.9828
72,94.9972
73,95.0069
74,95.025
29,95.1217
27,95.1328
24,95.155
23,95.1606
20,95.1994
19,95.205
18,95.2439
17,95.2661
16,95.2772
73,95.2983
16,95.3217
70,95.3236
65,95.3647
16,95.3772
63,95.3797
61,95.4047
60,95.4122
18,95.4161
19,95.4272
20,95.4383
61,95.4483
60,95.4808
61,95.4989
60,95.5097
61,95.5131
60,95.6436
21,95.7661
23,95.7828
58,95.8242
28,95.8328
57,95.835
35,95.875
37,95.8861
40,95.9028
41,95.9083
56,95.9094
55,95.9203
54,95.9275
41,95.9694
42,95.975
44,95.9972
46,96.0083
47,96.0139
53,96.1639
54,96.1806
56,96.2617
58,96.2694
57,96.2728
60,96.2861
58,96.2872
61,96.2917
60,96.3306
61,96.3378
62,96.3414
65,96.3667
67,96.3847
69,96.3992
72,96.4242
73,96.4317
74,96.4353
75,96.4461
64,96.4697
77,96.475
76,96.4894
62,96.4919
75,96.5039
77,96.5656
59,96.5961
57,96.6183
75,96.6269
54,96.6739
74,96.6956
52,96.7183
78,96.8347
50,96.8517
79,96.8561
81,96.8889
82,96.8961
81,97.02
79,97.1322
52,97.2517
54,97.335
55,97.3572
76,97.3631
56,97.3683
73,97.3847
57,97.385
72,97.3958
55,97.4017
70,97.4103
69,97.4139
70,97.4211
55,97.5017
56,97.535
58,97.5628
59,97.5739
64,97.6739
65,97.6794
69,97.7294
72,97.8328
70,97.835
71,97.8697
70,97.8853
72,97.9239
76,97.9289
76,97.9561
72,97.9739
74,98.0414
74,98.0558
73,98.2475
72,98.4211
71,98.7211
70,98.7319
71,98.7428
72,98.7569
71,99.0789
72,99.0897
73,99.1006
72,101.7669
72,102.5433
73,102.5506
72,102.5797
71,102.5978
72,102.6083
71,102.6194
74,102.7261
73,102.7519
72,102.7628
71,102.8069
69,102.9633
68,103.1403
69,103.1731
68,103.2586
67,103.3181
66,103.3253
70,103.3394
64,103.3653
63,103.3797
69,103.4394
67,103.4719
70,103.5286
69,103.6431
70,103.6564
71,103.6619
72,103.6675
74,103.6842
76,103.7008
77,103.7175
68,103.7358
75,103.7842
74,103.7897
73,103.8008
72,103.8119
73,103.8175
66,103.8311
65,103.8456
64,103.8672
63,103.8708
58,103.9261
56,103.9564
55,103.9631
54,103.9717
53,104.0006
52,104.0114
51,104.0222
52,104.0367
51,104.0439
52,104.1164
53,104.1561
54,104.1706
59,104.2306
73,104.2731
71,104.3397
72,104.3508
71,104.3897
70,104.4119
59,104.4689
60,104.5086
68,104.5178
62,104.5267
67,104.54
66,104.5511
65,104.5556
65,104.5567
68,104.5808
69,104.5917
71,104.6169
62,104.6178
61,104.6289
61,104.7622
62,105.1011
61,105.3622
60,105.4122
59,105.4289
52,105.4753
50,105.4886
49,105.4997
48,105.5108
47,105.5164
45,105.5275
42,105.5497
41,105.5553
40,105.5608
39,105.5664
35,105.5942
33,105.6108
32,105.6219
31,105.6275
28,105.6497
27,105.6775
28,105.7108
27,105.7219
26,105.7442
25,105.7664
24,105.7775
23,105.7831
21,105.7997
23,105.9264
24,106.0264
25,106.0319
27,106.2042
28,106.2431
29,106.2542
31,106.2708
32,106.2764
33,106.2819
69,106.2922
36,106.2986
39,106.3153
40,106.3208
42,106.3319
48,106.3708
49,106.3819
50,106.3875
52,106.4042
53,106.4097
55,106.4264
56,106.4375
57,106.4431
58,106.4542
60,106.4708
65,106.5353
63,106.5519
61,106.8097
62,106.9264
64,106.9653
65,106.9986
66,107.0042
67,107.0153
68,107.0319
69,107.0653
70,107.1208
73,107.1653
72,107.1931
73,107.2656
76,107.2878
77,107.2989
78,107.3822
79,107.4211
80,107.4322
81,107.4544
82,107.4822
81,107.7489
62,107.8203
63,107.8383
64,107.8672
67,107.9142
68,107.9286
69,107.9575
71,108.0525
73,108.1397
72,108.8342
71,108.9886
72,109.6544
71,109.7378
72,109.8711
70,110.2378
67,110.3211
66,110.4044
72,110.4244
64,110.4378
63,110.4489
62,110.46
61,110.4656
60,110.4767
59,110.4878
58,110.5156
57,110.5433
71,110.6744
55,110.7658
57,110.8047
58,110.8158
59,110.8769
60,110.8992
59,110.9103
58,110.9214
57,110.9381
56,110.9547
55,110.9714
55,111.0161
53,111.0883
57,111.305
59,111.5383
60,111.5494
61,111.5994
63,111.6328
64,111.6494
68,111.805
69,111.905
70,111.9772
75,112.3842
71,112.3883
76,112.4239
72,112.4272
71,112.5161
76,112.5614
74,112.6956
67,112.8589
66,112.8769
64,112.9164
58,112.9803
57,112.9875
56,112.9983
73,113.1775
71,113.2275
58,113.2333
60,113.3633
62,113.3778
63,113.3922
72,113.3942
64,113.4139
67,113.4897
69,113.7928
70,113.8072
72,113.9289
74,113.9942
75,114.0122
74,114.135
71,114.1731
72,114.2442
72,114.2997
71,114.3331
74,114.3617
72,114.5436
71,114.5608
71,114.5725
71,114.6831
73,114.7381
73,115.0972
72,115.1192
72,115.5489
71,115.6817
72,115.685
72,115.7872
78,115.8747
76,115.9178
75,115.9236
74,115.9308
73,115.9381
69,115.9739
68,115.9778
67,115.9886
66,115.9958
65,116.0031
64,116.0139
63,116.0283
60,116.0556
56,116.085
55,116.0922
54,116.1389
53,116.1828
55,116.2117
73,116.265
71,116.315
70,116.3206
67,116.3428
66,116.3539
65,116.3594
63,116.3892
59,116.4578
60,116.4692
58,116.4822
61,116.5139
60,116.5639
61,116.6306
58,116.6897
56,116.7144
60,116.7194
55,116.7639
55,116.8372
52,116.9242
60,116.975
53,117.0256
62,117.1308
64,117.2017
54,117.2025
55,117.2169
65,117.2183
68,117.2461
70,117.2794
59,117.3125
62,117.3486
65,117.3883
66,117.3956
72,117.4294
70,117.4894
70,117.6247
71,117.6975
71,117.7192
70,117.7336
71,117.8383
70,117.8619
69,117.8875
72,117.9128
72,117.9461
73,117.9572
70,117.9744
73,117.9906
78,118.1511
79,118.1622
80,118.1692
83,118.1947
84,118.2019
85,118.2053
86,118.2128
87,118.2233
89,118.2414
72,118.2797
71,118.3075
99,118.3733
72,118.7272
97,118.7572
95,118.7789
90,118.8114
89,118.815
84,118.8583
82,118.8692
77,118.9431
75,118.9611
74,118.9683
72,118.9792
71,118.9864
70,118.9936
68,119.0117
67,119.0153
64,119.0406
58,119.1533
56,119.1786
53,119.2147
51,119.2364
50,119.2581
71,119.36
69,119.3711
67,119.3878
65,119.4322
49,119.4856
67,119.5189
68,119.5481
69,119.5747
70,119.5969
73,119.6192
73,119.6358
51,119.7786
71,119.8058
50,119.8147
53,119.8436
54,119.8508
72,119.8669
56,119.8689
57,119.8761
58,119.8906
73,119.9372
62,119.9519
63,119.9592
70,119.9872
69,119.9928
67,119.9953
68,119.9983
73,120.1456
72,120.2469
73,120.2617
70,120.3158
69,120.3267
59,120.415
57,120.4372
58,120.4483
59,120.465
60,120.4706
61,120.4817
62,120.4872
60,120.5206
63,120.5728
61,120.6431
60,120.6542
59,120.6597
64,120.6633
56,120.6872
67,120.7067
68,120.7139
69,120.7753
70,120.7861
70,120.8372
71,120.9239
62,121.0042
63,121.0153
64,121.0208
65,121.0319
66,121.0375
73,121.0397
67,121.0431
68,121.0542
69,121.0597
70,121.0653
71,121.0708
72,121.0764
76,121.1153
78,121.1417
78,121.1767
79,121.2489
80,121.2544
81,121.2711
72,121.2953
72,121.3206
81,121.36
70,121.3603
80,121.3989
79,121.4211
74,121.4328
78,121.4375
73,121.4731
73,121.5181
73,121.5514
72,121.6014
73,121.6125
76,121.8939
76,121.9156
75,121.9336
73,121.9481
71,121.9514
71,121.9625
72,121.9903
72,121.9975
74,122.0517
73,122.11
76,122.1564
73,122.2033
74,122.3189
73,122.3406
72,122.3622
72,122.7406
73,122.7692
72,122.8019
73,123.0156
72,123.0989
73,123.1822
71,125.8658
69,125.9269
72,126.2542
74,126.2794
75,126.2975
74,126.3336
74,126.3517
73,126.3625
73,126.3986
74,126.6297
73,126.6547
73,126.7236
72,126.7586
70,126.8272
61,126.8939
61,126.9372
60,126.9628
61,126.9772
61,126.9953
63,127.1217
64,127.165
66,127.1939
67,127.2119
65,127.4506
63,127.4619
62,127.48
61,127.4944
60,127.505
61,127.5269
60,127.5522
70,127.6097
62,127.6172
63,127.6497
71,127.6764
65,127.7039
72,127.7097
67,127.7797
69,127.8267
74,127.8708
75,127.8819
73,127.9175
74,127.9542
73,127.9653
72,127.9819
71,127.9875
69,128.0042
75,128.0406
67,128.0486
66,128.0597
77,128.0658
65,128.0875
66,128.1433
73,128.2308
72,128.2736
71,128.3047
70,128.3661
68,128.4347
65,128.51
63,128.5211
62,128.5322
61,128.5378
71,128.5594
60,128.5656
72,128.5703
59,128.6044
58,128.6433
57,128.6711
60,128.7378
73,128.7622
61,128.7656
71,128.7875
63,128.8156
64,128.8267
65,128.9767
66,129.9767
66,130.1267
70,130.4936
72,130.5992
73,130.6158
69,130.7731
65,130.8361
63,130.8506
61,130.8758
59,130.8867
60,130.9083
72,130.9325
71,130.9825
70,130.9936
68,131.0103
67,131.0158
64,131.0825
65,131.1158
58,131.1172
66,131.1381
65,131.1492
66,131.1547
67,131.1658
66,131.3103
63,131.5425
72,131.5439
64,131.5714
71,131.5994
65,131.6056
66,131.6381
72,131.6383
73,131.6661
68,131.7067
71,132.0431
70,132.0536
62,132.1208
73,132.1217
61,132.1314
74,132.2661
60,132.2833
58,132.3014
73,132.305
55,132.3458
54,132.3533
52,132.3822
72,132.3939
52,132.4256
51,132.4328
53,132.5378
54,132.5558
71,132.5606
55,132.5739
56,132.5811
59,132.6092
72,132.705
71,132.7883
72,132.8719
72,132.8978
73,132.9033
77,132.9686
75,133.0131
75,133.1522
74,133.1689
73,133.1911
72,133.2022
71,133.2078
71,133.2633
70,133.2967
69,133.3897
58,133.4031
57,133.4247
56,133.4428
55,133.4572
54,133.5475
53,133.5872
68,134.1011
68,134.1408
70,134.1936
64,134.2631
62,134.3242
71,134.3311
61,134.3575
72,134.3672
62,134.4131
66,134.4686
67,134.4797
68,134.4908
68,134.5075
73,134.5897
70,134.5908
71,134.6186
74,134.6222
73,134.6258
74,134.6892
70,134.7133
73,134.7275
71,134.7356
74,134.7744
73,134.7783
74,134.7925
73,134.7964
69,134.8689
68,134.9133
69,134.9522
74,134.9717
71,134.9856
75,134.9861
73,135.1503
73,135.2425
71,135.2847
74,135.5061
73,135.5831
72,135.5856
73,135.6036
76,135.6719
75,135.7219
74,135.7664
73,135.7831
72,135.7942
71,135.8053
72,135.8219
71,135.8664
69,135.8994
68,135.9331
71,136.2175
70,136.4114
70,136.5039
71,136.6872
70,136.7925
72,136.8214
71,136.9094
72,136.9261
71,136.9372
71,137.0706
73,137.1725
72,137.2317
73,137.2969
74,137.3303
75,137.3414
76,137.3469
78,137.3747
77,137.3969
73,137.4222
74,137.4344
78,137.4469
74,137.5625
72,137.5917
75,137.6425
76,137.6681
72,137.6742
76,137.7475
71,137.7964
77,137.8056
72,137.8242
74,137.9681
72,138.0075
72,138.0256
74,138.1042
76,138.1222
78,138.1597
76,138.4072
75,138.4336
74,138.5458
73,138.5942
72,138.6086
71,138.6833
72,138.6944
71,138.7039
70,138.7147
68,138.8747
67,138.9175
66,138.9247
63,138.9644
62,138.9717
61,138.9753
59,139.0872
58,139.2344
61,139.3247
63,139.4042
64,139.4731
66,139.5706
67,139.6322
68,139.6808
69,139.7064
70,139.7169
73,139.8864
74,139.9025
73,139.9278
72,139.9833
71,139.9883
70,139.9992
71,140.0114
69,140.0172
73,140.0781
64,140.1167
72,140.1336
62,140.1489
61,140.16
74,140.1669
60,140.1781
61,140.1817
73,140.2003
72,140.2169
71,140.2892
60,140.3044
70,140.3558
61,140.3622
67,140.3836
66,140.3947
65,140.4058
61,140.4558
60,140.4669
59,140.4725
58,140.4836
56,140.4947
55,140.5058
54,140.5114
52,140.5281
51,140.5336
50,140.5392
60,140.5394
61,140.5467
48,140.5558
47,140.5614
45,140.5781
59,140.5936
41,140.6058
38,140.6336
58,140.6589
32,140.6919
57,140.7094
29,140.7136
27,140.7303
26,140.7358
22,140.7747
21,140.7858
22,140.7914
58,140.8325
21,140.8358
23,140.8692
58,140.8975
59,140.9447
58,140.9483
59,140.9592
56,141.1994
24,141.2192
31,141.3192
33,141.3358
35,141.3581
36,141.3636
35,141.3747
52,141.3758
36,141.3858
47,141.4294
46,141.4336
45,141.4481
44,141.4553
43,141.4661
38,141.4692
39,141.4747
40,141.4969
41,141.5192
44,141.5528
43,141.5636
43,141.5914
46,141.6136
49,141.6358
50,141.6469
51,141.6525
52,141.6636
49,141.7192
50,141.7469
51,141.7581
54,141.7803
56,141.7914
57,141.8025
58,141.8081
61,141.8303
62,141.8358
63,141.8469
66,141.8803
46,141.8961
47,141.9253
71,141.9358
49,141.9433
51,141.9578
53,141.9722
72,141.9747
54,141.9794
58,142.0083
59,142.0156
63,142.1189
65,142.1369
66,142.1514
67,142.1586
68,142.1694
69,142.1767
70,142.1875
71,142.1983
72,142.2056
72,142.2472
70,142.2706
71,142.2814
73,142.3125
74,142.3197
76,142.3653
71,142.3903
70,142.3958
67,142.4236
65,142.4347
64,142.4456
60,142.5014
63,142.5961
77,142.6906
76,142.7133
73,142.7569
72,142.815
65,142.8183
67,142.8739
68,142.8961
69,142.9017
71,142.9072
70,142.9128
70,142.9233
72,142.9744
72,143.1797
71,143.2892
73,143.3292
72,143.5353
71,143.5464
70,143.5967
71,143.6019
72,143.6242
73,143.6297
74,143.6742
72,143.9467
71,143.9633
72,144.0189
73,144.2114
75,144.2336
77,144.2447
78,144.2614
76,144.4336
75,144.4503
72,144.5225
73,144.5336
74,144.6156
73,144.7103
73,144.7128
74,144.8825
73,144.9714
74,145.0103
73,145.0214
74,145.0547
75,145.1158
76,145.1269
71,145.7536
72,145.8036
71,145.8314
73,145.8536
72,147.0461
73,147.1294
73,147.2961
72,149.5258
71,149.5314
70,149.5425
69,149.5869
72,149.7017
75,149.745
73,149.8061
73,149.8603
73,149.9292
73,149.9978
72,150.0122
73,150.0303
72,150.0483
70,150.1242
68,150.1803
68,150.2456
67,150.3122
64,150.3628
63,150.37
61,150.3844
60,150.4025
59,150.4131
70,150.4314
55,150.4556
53,150.4875
52,150.4947
51,150.52
52,150.5344
69,150.5369
51,150.5381
67,150.5647
66,150.5758
52,150.6069
63,150.6311
53,150.6358
54,150.6644
55,150.6756
56,150.69
59,150.7169
64,150.7472
66,150.7639
68,150.7972
69,150.8028
72,150.8417
73,150.8472
74,150.8583
72,150.9194
60,150.9703
71,150.9806
61,150.9811
62,150.9883
63,151.0172
71,151.0417
70,151.0528
64,151.0569
69,151.0694
65,151.0858
68,151.1306
67,151.1436
65,151.1694
68,151.1906
63,151.1917
69,151.2303
70,151.2519
56,151.275
55,151.2806
71,151.2864
54,151.2917
53,151.3306
73,151.3442
52,151.3694
51,151.4028
73,151.4722
74,151.5408
73,151.5914
72,151.6764
71,151.7053
70,151.7519
69,151.7992
67,151.9147
68,151.9839
50,152.0142
51,152.2031
64,152.2153
62,152.2694
61,152.2767
60,152.2839
58,152.2947
57,152.3056
56,152.3128
56,152.5153
50,152.5697
49,152.6086
48,152.6697
59,152.6886
60,152.7353
62,152.8042
63,152.8114
48,152.8142
64,152.8367
65,152.8439
66,152.8511
67,152.8583
49,152.8586
68,152.8692
69,152.88
68,152.8836
50,152.9142
69,153.095
70,153.1183
71,153.1872
57,153.2253
64,153.2897
65,153.3008
66,153.3064
68,153.3231
69,153.3342
71,153.3719
72,153.3842
75,153.4119
78,153.4397
73,153.4547
79,153.4564
81,153.4731
83,153.4897
84,153.5008
88,153.5286
91,153.5508
97,153.6064
70,153.6219
98,153.6286
71,153.6328
99,153.6508
98,154.0511
99,154.0956
97,154.4011
96,154.4344
87,154.4956
85,154.5178
83,154.5289
82,154.54
80,154.5567
79,154.5622
78,154.5733
76,154.6178
73,154.6456
67,154.6931
69,155.0208
67,155.1542
68,155.1819
70,155.5058
69,155.5311
67,155.6261
65,155.6547
62,155.6767
66,155.7097
59,155.8103
57,155.8283
56,155.8353
55,155.8428
54,155.85
52,155.8644
51,155.8753
50,155.8861
48,155.9006
47,155.9075
32,156.0428
31,156.0933
30,156.1006
29,156.1403
28,156.1475
27,156.1617
26,156.1728
25,156.3353
27,156.5244
31,156.6364
32,156.6436
33,156.6544
36,156.6833
35,156.6869
36,156.7231
38,156.7808
39,156.8169
40,156.8242
43,156.8603
44,156.9
69,156.9042
46,156.9397
71,157.2764
72,157.3264
60,157.3575
61,157.3644
60,157.4081
61,157.4153
62,157.4908
70,157.5319
64,157.5406
69,157.5431
65,157.5547
68,157.5764
68,157.6142
70,157.6767
69,157.7211
71,157.7589
72,157.7733
68,157.7822
66,157.8489
63,157.8711
62,157.8822
61,157.8878
59,157.9044
58,157.9267
56,157.9433
76,158.1061
53,158.1156
54,158.1269
53,158.1436
51,158.1936
50,158.2158
49,158.2325
47,158.2714
43,158.3044
42,158.31
40,158.3211
39,158.3325
72,158.3617
34,158.3658
33,158.3769
31,158.3936
32,158.5047
74,158.5067
75,158.5214
34,158.5881
36,158.6047
37,158.6436
76,158.6444
39,158.6603
40,158.6658
42,158.6881
46,158.7381
54,158.8547
55,158.8658
56,158.8936
57,158.9269
58,158.9381
57,158.9436
60,159.0492
72,159.4611
73,159.4683
72,159.4972
60,159.5703
62,159.8425
65,159.8758
67,159.9203
68,160.1425
68,160.2536
71,160.4042
72,160.4611
74,160.5189
72,160.6092
71,160.6758
72,160.7314
71,160.7925
72,160.9344
71,161.0506
74,161.1325
76,161.2047
77,161.2653
78,161.2753
72,161.5414
71,161.5508
72,162.0147
71,162.2033
70,162.3947
71,162.4206
73,162.6319
71,162.6908
72,162.8014
70,163.1158
72,163.5217
67,163.5339
64,163.6153
62,163.7511
61,163.7619
60,163.7908
72,163.9331
59,163.9361
69,163.9608
68,163.9664
65,163.9886
57,164.0006
55,164.0575
63,164.0722
54,164.0794
54,164.15
66,164.1611
63,164.1833
56,164.1894
61,164.2167
60,164.2556
57,164.2583
60,164.3278
61,164.3667
61,164.45
63,164.5556
62,164.6
58,164.6125
59,164.6339
60,164.6389
60,164.6847
58,164.75
56,164.7722
55,164.7778
56,164.7944
55,164.8222
55,164.9986
56,165.01
59,165.0878
60,165.1489
61,165.1822
65,165.2144
64,165.2867
60,165.4378
59,165.4433
64,165.4672
55,165.4933
53,165.5378
67,165.5922
51,165.5986
68,165.5994
69,165.6103
50,165.6433
72,165.6478
51,165.6489
52,165.66
73,165.6661
75,165.7169
53,165.7325
54,165.7603
53,165.7658
59,165.8547
60,165.8714
71,165.8739
69,165.8883
68,165.8956
61,165.9547
60,165.9589
57,165.9839
56,165.995
63,166.0492
56,166.0528
57,166.1769
57,166.2458
67,166.2922
53,166.3397
52,166.3542
51,166.3686
70,166.37
52,166.4989
54,166.5928
71,166.6381
55,166.665
72,166.6714
56,166.6833
55,166.6944
53,166.7558
51,166.7992
52,166.9011
53,166.9047
57,166.9289
58,166.9358
60,166.9467
65,166.9864
66,166.9936
60,167.2003
60,167.2403
61,167.2511
63,167.3792
61,167.3972
71,167.3992
70,167.4047
63,167.4917
69,167.505
70,167.5272
71,167.5383
64,167.6
72,167.6161
65,167.6214
66,167.6289
68,167.6433
70,167.6575
71,167.7106
73,167.7883
74,167.805
72,167.8172
75,167.8272
76,167.8994
73,167.98
74,168.0217
73,168.0272
73,168.1975
74,168.2331
75,168.2497
76,168.2942
75,168.3442
74,168.3997
73,168.4161
69,168.4964
62,168.5453
61,168.5525
60,168.5597
60,168.5742
61,168.5922
61,168.6394
60,168.7117
61,168.7192
63,168.8019
63,168.86
62,168.9214
61,168.9286
60,168.9358
59,168.9431
73,168.9775
60,169.3122
61,169.3194
63,169.3556
65,169.3881
67,169.4567
68,169.4964
72,169.6219
73,169.7
72,169.7278
70,169.7461
72,169.7678
73,170.0556
71,170.0889
72,170.1169
73,170.1242
73,170.3014
72,171.0514
73,171.1347
73,171.3847
73,173.2181
71,173.7331
70,173.7553
69,173.8108
73,173.8264
74,173.9019
74,173.9311
72,173.9708
73,173.9781
73,174.1367
72,174.1619
73,174.1964
70,174.2906
69,174.3158
68,174.3556
69,174.3608
69,174.4258
70,174.4442
69,174.4775
71,174.4892
69,174.5442
74,174.6594
77,174.6956
78,174.71
79,174.7242
78,174.7533
68,174.7667
77,174.7678
69,174.7889
76,174.7964
74,174.8183
73,174.8289
72,174.84
71,174.8506
70,174.8581
69,174.8653
68,174.8725
65,174.8975
64,174.9033
72,174.9389
65,174.9431
74,174.9833
67,175.0117
68,175.0639
61,175.1922
60,175.2139
69,175.2836
61,175.2933
60,175.3475
61,175.3692
60,175.4019
61,175.4056
68,175.4836
67,175.4892
66,175.4947
65,175.5058
62,175.5103
63,175.5225
62,175.5336
63,175.5608
61,175.5892
64,175.5897
60,175.6336
59,175.6444
57,175.6614
66,175.6619
52,175.6836
51,175.6892
50,175.6947
67,175.6981
49,175.7003
48,175.7058
47,175.7169
45,175.7281
44,175.7336
42,175.7447
40,175.7558
36,175.7725
32,175.7892
30,175.7947
29,175.8003
62,175.8011
61,175.8264
25,175.8336
60,175.8372
59,175.8481
23,175.8503
21,175.8614
18,175.8781
17,175.8892
10,175.9336
60,175.9456
59,175.9744
59,176.0286
59,176.0358
0,176.0428
1,176.1325
59,176.1511
60,176.2778
61,176.3247
60,176.4539
61,176.6631
60,176.6742
61,176.6922
60,176.7247
61,176.7611
64,176.8406
66,177.1011
67,177.1228
68,177.1492
69,177.2292
70,177.2561
71,177.3378
0,178.4383
1,178.5494
2,178.5606
3,178.5661
4,178.5772
7,178.5994
9,178.6106
10,178.6217
12,178.6439
17,178.6661
19,178.6828
21,178.6939
22,178.6994
27,178.7436
27,178.8828
70,179.245
28,179.4531
68,179.5978
69,179.6267
29,179.6475
28,179.6808
70,179.7039
28,179.7142
27,179.7308
26,179.7919
72,179.7961
27,179.8756
33,179.92
34,179.9256
72,180.0447
73,180.1758
72,180.2419
37,180.2711
38,180.2822
71,180.2881
40,180.3211
66,180.7325
72,180.8331
72,180.8981
71,180.9089
69,180.9306
68,180.9342
65,180.9581
64,180.965
63,180.9758
61,180.9939
60,181.1533
59,181.2019
61,181.2631
63,181.3211
64,181.3789
65,181.4006
66,181.4128
67,181.4203
68,181.4347
69,181.4564
68,181.5769
70,181.5969
67,181.7103
66,181.7269
73,181.7353
72,181.7678
73,181.8814
63,181.9103
74,181.9289
76,181.9722
74,182.0983
65,182.2217
64,182.2994
63,182.3106
62,182.3272
73,182.3486
61,182.3767
74,182.3839
75,182.3983
76,182.4092
59,182.4136
77,182.42
58,182.4247
57,182.4358
56,182.4414
55,182.4469
77,182.4489
54,182.4525
53,182.4636
52,182.4692
76,182.4742
48,182.5136
50,182.5636
75,182.6053
52,182.6417
54,182.6639
73,182.6725
56,182.6806
57,182.6917
58,182.6972
57,182.7472
56,182.8639
75,182.8661
74,182.9239
54,182.925
73,182.9383
51,183.0139
59,183.2472
58,183.2694
59,183.3083
61,183.4417
72,183.53
62,183.5306
63,183.5417
65,183.5583
67,183.5917
69,183.6194
68,183.6306
69,183.6472
70,183.7639
69,183.8139
68,183.8583
69,183.8694
68,183.9861
71,184.0114
70,184.1761
71,184.1869
73,184.3839
72,184.4125
71,184.4253
72,184.4475
71,184.4944
71,184.5017
72,184.5183
70,184.5306
71,184.5847
72,184.5906
71,184.6406
68,184.6628
66,184.685
69,184.7156
68,184.7206
63,184.7239
67,184.7267
67,184.7969
66,184.8306
64,184.8775
56,184.9183
55,184.9794
57,185.0461
59,185.0628
60,185.0683
64,185.1183
65,185.1461
66,185.1572
67,185.1739
69,185.1961
71,185.285
63,185.2919
63,185.4006
72,185.4739
63,185.5017
61,185.6644
60,185.6936
72,185.7072
60,185.7297
71,185.7781
54,186.0219
70,186.0333
52,186.0908
53,186.1197
54,186.1306
56,186.2822
60,186.3003
54,186.3294
54,186.4561
52,186.5061
55,186.5392
51,186.545
52,186.5617
57,186.68
52,186.6839
51,186.745
59,186.8572
58,186.8608
51,186.8728
59,186.8825
52,186.9006
52,186.9839
51,187.1006
53,187.1506
59,187.1569
54,187.1672
58,187.1819
55,187.1839
59,187.2283
57,187.3025
61,187.3228
55,187.4225
56,187.4731
57,187.5275
65,187.5631
58,187.5781
66,187.5853
67,187.5964
59,187.7081
64,187.7186
61,187.7686
60,187.8019
59,187.8131
58,187.8186
57,187.8297
56,187.8817
55,187.8925
57,187.9947
56,188.0539
63,188.0856
57,188.0972
65,188.1247
67,188.1414
68,188.2525
57,188.2531
69,188.33
56,188.3419
66,188.3858
65,188.4025
57,188.4036
56,188.4794
55,188.4903
56,188.6186
57,188.7922
67,188.8636
66,188.8692
60,188.89
62,188.9156
65,188.9192
63,188.9228
64,188.9372
63,188.9414
61,188.9581
60,188.9636
63,188.9661
59,188.9747
56,188.9914
55,188.9969
54,189.0025
52,189.0192
50,189.0303
49,189.0414
50,189.1081
51,189.1136
54,189.1858
55,189.1969
56,189.2025
64,189.2119
57,189.2192
63,189.2336
62,189.2489
62,189.2517
63,189.2567
61,189.2589
60,189.2661
64,189.2678
65,189.2844
66,189.2956
68,189.3344
69,189.3456
58,189.3531
56,189.5047
55,189.5119
72,189.5458
54,189.5481
71,189.6236
71,189.6736
52,189.6928
54,189.7433
55,189.7758
72,189.8403
71,189.8458
72,190.0681
72,190.1403
58,190.3056
59,190.3344
59,190.3525
61,190.3672
62,190.3744
67,190.4142
68,190.4261
69,190.4483
71,190.4772
72,190.4969
71,190.6014
72,190.6181
72,190.9314
71,190.9456
72,191.01
71,191.0625
72,191.0847
76,191.1133
77,191.1242
78,191.1386
75,191.1728
74,191.1803
73,191.1878
72,191.1983
70,191.2344
73,191.2692
75,191.2872
74,191.2983
70,191.4808
71,191.4953
71,191.5792
74,191.6217
72,191.6686
73,191.6975
71,191.7292
70,191.7403
69,191.7514
68,191.7569
66,191.7736
61,191.8069
58,191.8236
57,191.8292
55,191.8403
54,191.8514
76,191.8853
55,191.9072
58,191.9628
78,191.9828
59,191.985
60,192.0072
67,192.1406
68,192.1572
69,192.1961
70,192.2072
71,192.2294
72,192.2683
71,192.3683
76,192.5997
76,192.6467
72,192.7228
70,192.8133
73,193.1853
74,193.2353
78,193.3797
76,193.4186
75,193.4353
74,193.4519
75,193.4797
73,193.5394
72,193.5908
72,197.7819
71,197.8625
70,197.8792
74,197.9517
73,197.9625
74,197.9697
72,198.0167
73,198.0239
70,198.1397
71,198.1542
70,198.1614
71,198.1722
70,198.1939
65,198.2314
64,198.2353
62,198.2533
59,198.2967
55,198.3278
54,198.3314
53,198.3386
51,198.3494
50,198.3531
47,198.3786
46,198.3856
44,198.3964
43,198.4
41,198.4108
40,198.4144
38,198.4253
37,198.4325
36,198.4361
27,198.4783
25,198.5036
24,198.5144
70,198.5181
23,198.5217
22,198.5286
20,198.5433
18,198.5542
17,198.5614
16,198.5686
14,198.5828
13,198.5867
69,198.6125
9,198.6478
8,198.655
5,198.6769
4,198.6842
3,198.6878
70,198.6958
69,198.7292
0,198.7653
3,198.8339
66,198.8569
7,198.8661
9,198.8825
10,199.0525
13,199.1139
14,199.1175
15,199.1356
16,199.1464
17,199.1572
17,199.1969
18,199.2294
20,199.2997
22,199.3939
22,199.4661
20,199.4928
19,199.5314
20,199.6289
21,199.6397
22,199.6867
25,199.8494
26,199.9072
27,199.9433
26,199.9647
27,199.9903
28,200.0228
33,200.2322
34,200.2394
35,200.2647
39,200.3369
41,200.3478
49,200.4117
50,200.4225
52,200.4333
55,200.455
66,200.4625
59,200.4825
60,200.4897
61,200.4933
62,200.5006
63,200.5078
65,200.5125
64,200.5294
65,200.5403
66,200.5511
67,200.5583
69,200.5728
70,200.5981
71,200.6578
67,200.7181
71,200.7189
73,200.8175
66,200.9125
65,200.9181
71,200.9289
72,200.9361
63,200.9569
76,201.0989
64,201.1236
75,201.2267
61,201.2292
59,201.2403
74,201.2447
58,201.2458
57,201.2569
55,201.2681
54,201.2736
73,201.2808
53,201.2958
72,201.3061
52,201.3181
71,201.3422
48,201.3847
70,201.4308
47,201.4403
46,201.4458
45,201.4514
44,201.4569
41,201.4792
40,201.4847
39,201.4903
36,201.5069
35,201.5125
71,201.5142
33,201.5236
74,201.9419
26,201.9553
27,202.0053
28,202.0164
29,202.0219
30,202.0311
31,202.0389
71,202.1225
33,202.1708
32,202.1819
30,202.3375
28,202.4597
27,202.5042
26,202.5208
24,202.5764
23,202.5819
22,202.5875
21,202.5986
23,202.6264
24,202.9264
25,202.9483
26,202.9764
28,203.0597
69,203.1094
31,203.1375
32,203.1986
68,203.2378
68,203.3658
69,203.3767
33,203.4989
29,203.5767
28,203.5878
28,203.6156
27,203.6433
26,203.6711
61,203.7411
61,203.8567
61,203.8711
62,203.9867
30,204.0378
31,204.0489
65,204.0519
66,204.0628
69,204.1242
70,204.1386
71,204.1694
70,204.1767
69,204.1875
66,204.2147
64,204.2439
61,204.3197
59,204.3306
58,204.3381
56,204.3522
54,204.3631
53,204.3703
52,204.3775
51,204.3847
50,204.3919
49,204.4064
44,204.445
34,204.5139
33,204.5203
31,204.5383
30,204.5419
29,204.5492
28,204.5636
27,204.5744
28,204.6053
26,204.6528
27,204.8008
36,204.8267
38,204.8433
39,204.8489
40,204.86
41,204.8767
50,204.9425
51,204.9536
52,204.9647
56,204.9869
58,205.0036
61,205.0203
62,205.0258
63,205.0369
65,205.0536
66,205.0647
68,205.0758
69,205.0869
71,205.1036
72,205.1147
72,205.1486
73,205.1689
74,205.1911
29,205.2089
31,205.2269
34,205.2631
37,205.3208
38,205.3353
39,205.3497
38,205.3811
38,205.4264
73,205.4678
70,205.5233
69,205.5344
42,205.5383
68,205.54
67,205.5456
66,205.5511
64,205.5733
43,205.5744
63,205.5844
45,205.6072
61,205.6178
60,205.6233
59,205.6289
58,205.6344
57,205.64
56,205.6456
55,205.6511
54,205.6567
48,205.6614
51,205.6789
50,205.6844
49,205.7289
47,205.735
48,205.7456
47,205.7622
48,205.8364
49,205.8647
54,205.9397
55,205.9469
58,206.0903
58,206.1411
59,206.1847
48,206.2067
59,206.3589
48,206.3789
60,206.395
48,206.4289
59,206.4311
61,206.4492
62,206.5358
64,206.5994
51,206.6122
52,206.6178
65,206.6244
53,206.6289
54,206.6678
68,206.6861
54,206.6956
70,206.7383
54,206.7403
71,206.7453
55,206.7514
72,206.8019
57,206.8681
58,206.9292
59,206.9625
75,206.9647
58,206.9736
58,207.0125
74,207.0486
55,207.3014
55,207.3625
56,207.4069
72,207.4225
73,207.5525
59,207.5947
61,207.625
72,207.6575
62,207.76
64,207.7878
65,207.7933
70,207.9997
69,208.0606
70,208.1814
70,208.2253
72,208.3267
71,208.3447
70,208.3556
69,208.3628
70,208.3828
71,208.5272
72,208.7383
71,208.7439
73,208.8106
74,208.8328
75,208.855
64,208.8625
62,208.8733
77,208.8994
60,208.9311
76,208.9939
75,209.0106
73,209.055
72,209.2272
60,209.2889
60,209.3106
59,209.3503
58,209.3792
55,209.4044
52,209.4225
74,209.4331
51,209.4333
75,209.4442
48,209.485
46,209.4972
77,209.5164
43,209.5189
77,209.5831
76,209.5997
35,209.6131
34,209.6311
33,209.6419
73,209.6442
32,209.6492
31,209.6528
27,209.6925
72,209.6942
71,209.7275
29,209.8772
31,209.9194
34,209.9697
39,210.0172
41,210.0319
42,210.0392
44,210.0533
47,210.0839
48,210.0881
51,210.1061
54,210.1494
55,210.1567
56,210.1639
57,210.1892
58,210.2108
59,210.2361
61,210.2542
62,210.2614
64,210.2794
65,210.2867
66,210.3011
67,210.3119
68,210.3228
69,210.3336
73,210.3553
70,210.3933
69,210.4008
68,210.4094
70,210.4317
72,210.4425
63,210.4669
62,210.4803
60,210.5247
71,210.5436
71,210.5583
70,210.5656
52,210.5886
51,210.5933
49,210.6044
48,210.61
47,210.6156
46,210.6267
44,210.6322
42,210.6433
39,210.66
37,210.6656
36,210.6711
34,210.6822
32,210.6878
31,210.6933
30,210.6989
29,210.7044
70,210.7172
25,210.7878
23,210.8489
19,210.8919
17,210.9086
70,210.9489
17,211.0864
18,211.1086
16,211.1753
57,211.3194
55,211.365
21,211.4086
23,211.4253
56,211.4336
24,211.4531
26,211.4697
27,211.4753
28,211.4808
29,211.5197
30,211.5308
33,211.5475
35,211.5531
37,211.5642
39,211.5753
41,211.5864
44,211.5975
45,211.6031
47,211.6142
49,211.6697
50,211.6808
51,211.6864
53,211.7031
56,211.7608
56,211.8589
56,211.8836
57,211.8944
60,211.92
61,211.9308
60,211.9533
61,211.9756
58,212.0447
57,212.0714
54,212.2533
50,212.2756
49,212.2867
49,212.32
58,212.3481
50,212.3589
49,212.3811
50,212.4367
52,212.4867
53,212.4978
55,212.52
57,212.5422
58,212.5478
59,212.5533
60,212.5644
61,212.5811
54,212.6083
52,212.6228
50,212.6336
63,212.6589
49,212.6894
66,212.6922
67,212.6978
68,212.7033
50,212.7039
69,212.7089
70,212.7422
71,212.7756
73,212.8033
72,212.8089
51,212.8197
71,212.8256
72,212.8314
52,212.8703
53,212.8847
54,212.9172
55,213.0367
56,213.0728
57,213.0764
59,213.0908
60,213.0944
61,213.1017
63,213.1125
65,213.145
66,213.1519
69,213.1775
68,213.4708
69,213.8361
69,213.8686
73,213.9858
74,214.0436
72,214.1092
74,214.1411
71,214.1592
74,214.4283
73,214.4469
75,214.4722
77,214.5886
78,214.6428
79,214.6658
81,214.7147
86,214.7892
89,214.8325
89,214.93
88,214.9372
87,214.9553
86,214.9661
85,214.995
78,215.0553
73,215.0869
76,215.0942
74,215.1317
73,215.1533
72,215.1603
71,215.1894
75,215.2814
74,215.3314
72,215.3556
71,215.3647
71,215.3814
73,215.395
73,215.4711
70,215.5147
69,215.5258
68,215.5503
66,215.5633
64,215.5744
63,215.5856
64,215.6411
72,215.6444
73,215.6753
66,215.6803
67,215.7247
68,215.7358
69,215.7414
72,215.7511
71,215.7914
73,215.8056
