27,0.0017,8
45,0.1453,1
46,0.1675,1
18,0.1783,8
19,0.4611,8
46,0.5147,1
30,0.5269,1
18,0.6639,1,8
15,0.6972,1,8
14,0.7511,8
28,0.8067,8
39,1.0453,1
27,1.0828,1,8
36,1.1283,1
19,1.2236,1
31,1.2981,1
32,1.3619,1
28,1.3681,8
15,1.3731,1,8
16,1.4675,1
31,1.5339,1
34,1.7281,1
15,1.8819,1,8
16,1.9819,8
17,1.9986,8
33,2.1342,1
35,2.1675,1
26,2.3106,8
34,2.3819,8
36,2.5661,1
27,2.6578,1,8
28,2.6717,8
25,3.5778,8
26,3.9306,8
34,4.4097,8
31,4.5253,8
30,4.5742,8
29,4.5936,8
28,4.6131,8
27,4.6558,8
40,4.9342,8
39,5.0208,8
37,5.1989,8
26,5.5633,8
25,5.9056,1,8
37,6.1631,1
29,6.2367,1,8
30,6.2506,8
22,6.3456,8
29,6.4061,1,8
19,6.5003,1,8
28,6.6761,1,8
21,6.8072,1,8
23,6.8517,1,8
35,6.8842,1
29,6.9069,1,8
26,6.96,1,8
31,7.1053,1
31,7.1425,1,8
28,7.1958,8
31,7.2289,8
32,7.3892,8
29,7.3933,8
30,7.4211,8
29,7.4628,1,8
30,7.5489,1,8
34,7.5931,1
29,7.6381,1
30,7.6792,8
25,7.7625,1
35,7.8817,1
24,7.9014,1
25,8.0553,1
30,8.0725,8
29,8.1192,1,8
28,8.1267,8
27,8.1969,8
29,8.2375,1,8
27,8.3075,1
26,8.3514,1
28,8.4569,1
25,8.6656,1
31,8.7344,1
12,8.8644,1
24,8.9361,1
24,9.1242,8
21,9.3225,1,8
20,9.3992,8
25,9.4022,8
26,9.8608,8
27,10.15,8
20,10.1906,8
28,10.1972,8
29,10.3647,8
34,10.6381,8
34,10.6894,8
15,10.7283,8
33,10.8372,8
25,11.0203,1
24,11.0553,8
16,11.2169,1,8
31,11.2894,1
30,11.3492,1
25,11.3942,1,8
16,11.525,8
26,11.5583,1,8
27,11.6028,1,8
33,11.7069,1
29,11.9789,1
15,12.0308,1,8
25,12.0553,1
24,12.0775,1
28,12.2,1,8
18,12.2244,8
29,12.2514,8
30,12.2592,8
23,12.3722,1
20,12.4833,1,8
31,12.5256,1,8
33,12.5844,8
35,12.6242,1,8
26,12.6542,8
34,12.6722,8
29,12.6958,8
35,12.7139,1,8
34,12.75,1,8
33,12.7722,8
34,12.8139,1
32,12.8803,1,8
33,12.9139,8
32,12.9797,8
35,12.9858,8
31,13.0008,8
30,13.0511,1,8
29,13.14,1
27,13.2367,1
32,13.3375,1
31,13.5161,8
30,13.5689,1,8
38,13.9275,1
29,13.9692,1,8
34,14.0994,8
35,14.1911,1,8
37,14.2614,1
30,14.2681,1,8
24,14.3661,1
28,14.465,1
23,14.6244,1
24,14.6328,1
30,14.6408,1,8
35,14.9103,1,8
35,14.9608,8
34,15.4672,8
34,15.6311,1,8
38,15.7019,1
23,15.7669,1
30,15.7728,8
29,15.7978,8
28,15.8728,8
26,16.0494,8
25,16.1633,1
26,16.255,1,8
27,16.3339,1,8
25,16.5333,1,8
23,16.545,1
22,16.5867,1
22,16.5917,1,8
33,16.6833,1
22,16.6869,1
20,16.7139,1,8
19,16.7417,1,8
23,16.8647,1
30,16.9492,1
24,16.9825,1,8
28,17.0194,1
25,17.0547,1,8
24,17.0847,1
24,17.2542,1
26,17.2553,1,8
22,17.3542,1
18,17.3797,8
22,17.4264,1
17,17.4547,8
24,17.5414,8
18,17.6047,1,8
18,17.6186,1,8
16,17.6714,1,8
16,17.8717,1,8
21,18.0364,1,8
18,18.0747,1
22,18.2586,1
17,18.2858,8
19,18.3108,8
22,18.4478,1,8
19,18.4667,1
18,18.6317,1,8
16,18.715,1,8
29,18.7922,1
15,18.9547,1,8
14,19.1019,8
13,19.1381,1,8
30,19.285,1
11,19.3339,1,8
12,19.3631,1,8
32,19.3933,1
13,19.3967,1
32,19.4222,1
14,19.4619,1,8
28,19.5594,1,8
29,19.5961,1
21,19.6167,1
20,19.6639,1
21,19.7633,1
30,19.8317,1,8
15,19.8761,1,8
28,20.2208,1,8
34,20.3417,8
30,20.4494,8
35,20.4556,1,8
26,20.6633,1
34,20.8047,1,8
26,20.8581,1,8
35,20.8603,8
24,20.88,8
34,20.8992,8
20,20.9319,8
47,21.0722,1
33,21.1133,8
29,21.1956,1,8
19,21.2533,1,8
49,21.2681,1
28,21.3167,1,8
27,21.3389,8
26,21.3833,8
26,21.4333,1,8
18,21.5533,1,8
31,21.6131,1
48,21.6647,1
26,21.6889,1
44,21.7764,1
19,21.7825,1
16,21.8272,1
14,21.9781,1
13,22.3539,1
32,22.5017,1
29,22.5556,1
26,22.5969,1
11,22.6497,1
25,22.8003,1
8,22.8403,1
26,22.9308,1
8,22.9503,1
27,23.0506,1
19,23.0658,1
26,23.1033,1
24,23.1236,1
25,23.2367,1
24,23.2533,1
23,23.295,1
24,23.3144,1
23,23.5117,1
27,23.5236,8
29,23.6267,8
30,23.6406,8
29,23.7269,1,8
30,23.8131,8
17,23.8717,1
15,23.905,1
14,23.9383,1
27,23.9486,1
15,48.1464,1
28,48.16,1,8
27,48.1711,1,8
17,48.1783,8
26,48.185,8
12,48.2464,1
24,48.3267,1,8
23,48.3517,1
25,48.3908,1,8
25,48.4269,1
16,48.455,1
24,48.4603,1,8
27,48.4992,8
21,48.5272,1
22,48.5411,1
34,48.6047,1,8
24,48.6592,1
16,48.6844,1,8
20,48.7047,1
35,48.7108,1,8
18,48.7267,1
24,48.8317,1
34,48.8364,1,8
13,48.8458,1
9,48.9,1
23,49.0761,1
24,49.1122,1
25,49.1206,1
34,49.1753,8
35,49.2036,8
19,49.3317,8
20,49.4231,8
14,49.4792,1
15,49.7222,1
34,50.0425,1,8
11,50.1975,1
30,50.2536,1
36,50.2842,1
33,50.3261,1
35,50.3706,1
22,50.3892,1
34,54.2506,1,8
17,54.3311,1,8
36,54.3472,1
33,54.6108,1,8
32,54.6453,1,8
14,54.7589,1,8
31,54.7653,1,8
31,54.8497,1
29,54.9017,1,8
26,54.9292,1
30,54.9544,1,8
18,55.0458,8
29,55.0519,8
31,55.1131,1,8
29,55.2453,1
23,55.3058,1
17,55.3406,1,8
32,55.3908,8
34,55.4533,8
26,55.5028,1
35,55.565,1,8
34,55.6008,1,8
32,55.6839,1
24,55.9125,1
18,55.9153,8
35,55.9228,1,8
34,56.2014,1
35,56.3078,1,8
23,56.3903,1
22,56.5292,1
38,56.5747,8
39,56.5942,8
37,56.7753,1,8
36,56.8586,1,8
17,56.8833,1,8
35,56.9417,1,8
29,57.1689,1
31,57.1828,1,8
31,57.2211,1
19,57.3131,1,8
34,57.3514,1
32,57.3575,1,8
23,57.3736,8
33,57.3769,8
25,57.4892,1,8
26,57.5056,8
29,57.5639,8
31,57.5719,8
30,57.8069,8
29,57.8436,8
29,58.0586,8
30,58.2214,8
31,58.4106,8
32,58.455,8
33,58.4911,8
34,58.5033,8
38,58.6467,8
39,58.6828,8
30,58.7406,8
40,58.7428,8
41,58.7692,8
27,58.785,8
42,58.8081,8
28,58.9286,8
29,58.9536,8
37,59.2692,8
36,59.3386,1,8
31,59.3564,1
37,59.44,1,8
21,59.7786,1
32,59.7858,1,8
31,59.9211,1,8
30,60.0133,1
38,60.0517,1,8
32,60.155,1
30,60.1714,1,8
27,60.2269,1
34,60.2744,1
15,60.4489,1
18,60.5097,8
39,60.5519,1,8
19,60.6125,1,8
35,60.6633,1
21,60.7208,1,8
22,60.7661,1,8
31,60.8186,1
39,61.0017,1,8
19,61.0083,1
41,61.0989,8
21,61.1161,1,8
19,61.1578,1
18,61.28,1
20,61.3164,1,8
37,61.5042,8
21,61.54,1,8
19,61.5767,1
22,61.64,1,8
34,61.685,1,8
29,61.7167,1
24,61.7686,1
33,61.8033,1
25,61.8603,1
34,61.9019,1,8
21,61.9781,1,8
22,62.0992,1,8
29,62.1669,1,8
19,62.4683,1,8
28,62.6011,1
23,62.6244,1,8
22,62.6633,1
25,62.7328,1
26,62.7664,1,8
30,62.8089,1
23,62.8303,1
25,62.8831,8
26,63.0608,8
27,63.1136,1,8
32,63.1414,1
26,63.1444,1
28,63.1831,1,8
16,63.2508,8
27,63.2886,1,8
18,63.3375,8
28,63.3642,8
17,63.4403,8
27,63.4728,8
26,63.5256,1,8
26,63.6061,1,8
15,63.8536,8
27,64.0106,8
31,64.1133,8
32,64.1689,1,8
10,64.2086,8
11,64.2628,8
13,64.4017,8
14,64.4614,8
29,64.5308,1
36,64.5675,1
15,64.5697,8
37,64.6967,1,8
18,64.7094,8
40,64.9622,1,8
35,65.0597,1
41,65.1122,1
32,65.1817,1
32,65.2244,1
18,65.2703,1,8
30,65.3219,1
38,65.3403,1,8
29,65.3722,1
17,65.4017,1,8
16,65.4222,8
17,65.4461,8
42,65.4822,1
14,65.5656,8
11,65.6111,8
9,65.6389,8
8,65.6606,8
26,65.6747,1
40,65.695,1
7,65.7017,8
5,65.7294,8
4,65.7517,8
15,65.8044,1
36,65.8889,1
28,66.0025,1
10,66.0214,1
35,66.0358,1
30,66.0386,1
5,66.1172,8
6,66.1367,8
13,66.2483,8
15,66.3483,1,8
34,66.4681,8
33,66.5528,8
31,66.6819,8
30,66.7586,8
28,66.8058,1,8
28,66.8392,8
27,67.1728,8
26,67.245,8
27,67.3203,8
16,67.3597,8
16,67.3903,8
26,67.4675,8
24,67.5731,1,8
24,67.7219,1
15,67.7369,8
16,67.8653,8
27,67.9331,1
27,68.1228,1
25,68.1553,1
17,68.1911,1,8
26,68.2347,1
27,68.3358,1
16,68.4106,8
17,68.4217,8
16,68.4997,1,8
20,68.5683,1
29,68.6611,1
24,68.6678,8
26,68.6956,8
27,68.715,1,8
14,68.8375,1
28,68.8972,1,8
12,69.0697,1
30,69.1139,1
33,69.2364,1
32,69.3031,1
31,69.3308,1
29,69.3678,1,8
16,69.4156,1
31,69.4986,1,8
18,69.5275,1
28,69.5819,1
24,69.6489,1
29,69.6656,1
27,69.6925,1
32,69.7364,1,8
31,69.8169,1
26,69.8531,1
26,69.8628,1,8
24,69.9397,1
33,70.1486,1
28,70.1514,8
29,70.1875,1,8
19,70.2086,1
23,70.2647,1,8
24,70.2703,1,8
25,70.3147,1,8
12,70.3442,1
26,70.3481,1
25,70.4703,1
24,70.4842,1,8
26,70.5878,1,8
25,70.6144,8
26,70.6283,8
27,70.6422,8
28,70.6586,8
28,70.8217,8
21,70.8594,8
20,70.8733,8
27,70.8772,8
18,70.8956,8
16,70.9233,8
15,70.9706,8
28,71.0217,1,8
27,71.155,1
25,71.2,8
24,71.2167,8
25,71.2417,8
24,71.2889,8
25,71.3306,8
25,71.3694,1
24,71.4111,8
23,71.4869,1
22,71.5086,1,8
10,71.5625,1,8
21,71.5892,8
20,71.6058,1
18,71.6392,8
16,71.6669,8
15,71.7197,8
17,71.8164,1,8
15,71.8661,1,8
16,71.9417,1,8
17,71.9772,1
16,71.9858,8
12,72.1489,8
17,72.1528,8
18,72.1694,8
19,72.25,8
21,72.2972,1,8
25,72.3472,8
27,72.3778,8
27,72.4194,8
10,72.6058,1,8
16,72.6272,1
28,72.6419,1,8
27,72.6475,1,8
8,72.7025,1
16,72.7272,8
19,72.7764,8
20,72.8128,8
24,72.8628,8
28,72.8892,8
28,72.9114,8
29,72.9197,8
28,72.9586,8
33,72.9786,8
27,72.9836,8
28,73.0031,8
27,73.0225,8
36,73.0497,1,8
21,73.1303,1
37,73.1564,1,8
23,73.2058,1
16,73.2147,1
13,73.2539,1
26,73.3478,8
6,73.7958,1
26,73.8069,1
26,73.8283,1,8
25,73.8478,1,8
30,73.8647,1
24,74.0442,1
35,74.1739,1
26,75.0675,8
27,75.0925,8
36,75.1961,8
26,75.2342,8
38,75.8992,8
37,75.9547,8
36,76.0297,8
35,76.1406,8
36,76.4258,8
37,76.4397,8
37,76.6539,8
31,76.8567,8
23,77.1914,8
27,77.3128,8
25,78.1344,8
23,78.1594,8
22,78.1733,1,8
21,78.19,8
20,78.2039,8
23,78.2347,1
24,78.2486,1
25,78.2597,1
17,78.2706,8
13,78.3025,8
29,78.3153,1
16,78.3289,1,8
9,78.3525,8
15,78.3622,8
30,78.3667,1
7,78.3997,8
14,78.4094,8
5,78.4247,8
27,78.4303,1
4,78.4469,8
28,78.4553,1
26,78.4911,1
32,78.5114,1
5,78.5442,8
15,78.5494,8
7,78.5803,8
9,78.6219,8
14,78.6689,8
13,78.6911,8
32,78.8261,1
11,78.8525,1,8
34,78.9344,1
14,78.9744,1,8
35,78.9922,1
12,78.9969,8
19,79.1886,1
12,79.4586,8
35,79.5125,1
13,79.5447,8
19,79.5794,1,8
12,79.6503,8
12,79.7697,8
24,79.8542,1
17,79.8881,8
13,79.8944,8
17,79.9353,1,8
14,79.96,8
17,80.03,8
15,80.0517,8
16,80.1717,1,8
18,80.2097,8
17,80.2494,1,8
17,80.4275,1,8
18,80.4553,1,8
22,80.5006,1
19,80.5858,8
20,80.6739,8
35,80.7553,1
21,80.7917,8
22,80.9089,8
24,80.9597,8
28,81.0975,1,8
38,81.1094,1
15,81.1889,8
36,81.3417,1
27,81.3881,8
25,81.5106,8
24,81.5439,8
27,81.6933,8
29,81.7708,1,8
30,81.7958,8
34,82.1531,8
36,82.3203,8
16,82.4992,8
36,82.5875,1,8
12,82.5986,8
9,82.6347,8
35,82.7267,1
33,82.7625,1
34,82.8394,1
6,82.8817,8
7,82.8983,8
35,82.9061,1
10,83.0156,8
11,83.0539,8
12,83.1067,8
29,83.1322,1,8
14,83.1728,8
28,83.2158,8
27,83.2942,8
15,83.3647,8
26,83.4442,8
35,83.4656,1
25,83.4969,1
26,83.5164,8
33,83.555,1
15,83.5703,1,8
11,83.6064,1
12,83.6256,1
13,83.6367,1
27,83.6389,8
15,83.6589,1
16,83.67,1
17,83.6811,1
18,83.695,1
19,83.7089,1
20,83.7256,1
21,83.7422,1
23,83.7644,1
25,83.7867,1
25,83.7972,1,8
25,83.8883,1
15,83.9289,8
16,83.9833,8
26,84.0392,1,8
27,84.0919,8
28,84.4781,8
25,84.5781,1,8
23,84.625,1
26,84.6467,1
22,84.7094,1
21,84.7236,1
27,84.7383,1
23,84.7822,1
28,84.7883,1
27,84.8431,1
26,84.9806,1,8
25,85.0278,1,8
26,85.0528,1,8
25,85.0722,1,8
26,85.175,1,8
25,85.2197,8
24,85.2783,8
12,85.4144,8
34,85.4269,1
23,85.46,1,8
22,85.5267,1,8
22,85.5711,1,8
33,85.5972,1
23,85.5989,1,8
31,85.6867,1
17,85.72,1,8
13,85.8144,1,8
22,85.84,8
21,85.8794,8
20,85.9125,8
18,85.9572,8
17,86.1828,1,8
16,86.1958,1,8
22,86.2958,1
33,86.3483,1
18,86.4161,1,8
22,86.4744,1,8
27,86.6017,1,8
15,86.6153,8
29,86.6517,8
16,86.6711,8
15,86.7072,8
14,86.7239,8
33,86.7767,8
35,86.8239,8
18,86.9119,1
36,86.9322,8
35,87.1983,1
36,87.28,1
39,87.3253,8
18,87.4108,8
19,87.4581,8
20,87.5194,8
21,87.5567,8
23,87.6817,8
24,87.7011,8
25,87.7428,8
27,87.7633,8
26,87.7761,8
25,87.805,8
15,88.4433,1,8
25,88.4931,1,8
16,88.5156,8
17,88.535,1,8
18,88.5906,1,8
29,88.6308,1
16,88.7342,1,8
28,88.9475,8
19,89.01,1
18,89.0211,1
15,89.0897,1,8
14,89.1286,8
17,89.2686,1
26,89.3533,8
13,89.3794,8
15,90.0358,1,8
23,90.5844,8
22,90.7111,1
21,90.8919,1
24,91.11,8
35,91.1417,1
21,91.1756,1
26,91.2558,1,8
10,91.4258,8
32,91.4789,1
22,91.6272,1
21,91.7531,1
33,91.7589,1
20,91.9161,1
28,91.9414,1
21,92.03,1
7,92.0367,8
8,92.0867,1,8
8,92.125,1
9,92.1997,1,8
28,92.2072,1
7,92.4086,8
20,92.6042,1
4,92.6158,8
22,92.7333,1
35,92.7514,1
39,92.8706,1
24,93.0583,1
5,93.1897,8
10,93.2814,8
13,93.3247,8
15,93.3497,8
16,93.3867,8
17,93.4044,8
16,93.4486,8
17,93.4619,8
19,93.4897,8
20,93.5092,8
21,93.6231,1,8
21,93.6839,1
22,93.6917,8
23,93.7794,8
26,93.8931,1,8
29,94.1556,8
27,94.2333,1,8
30,94.3931,1
27,94.4628,8
27,94.5736,1
21,94.6925,8
13,94.8347,8
24,95.0075,1
23,95.0492,1
36,95.2983,1
35,95.32,1
34,95.3344,1
11,95.56,1
15,95.6156,1
17,95.6489,1
18,95.6572,1
19,95.6794,1
23,95.8508,1
24,95.9036,1
27,95.9203,1
23,96.0286,1
26,96.1506,1
29,96.2872,1
25,96.3033,1
31,96.3414,1
24,96.3842,1
37,96.3967,1,8
36,96.4217,1,8
37,96.4353,1
35,96.4675,1,8
26,96.5147,1
27,96.5708,1,8
28,96.6369,1,8
21,96.6897,1
20,96.7036,1
29,96.7261,1,8
30,96.7733,1,8
39,96.8347,1
35,96.8786,1,8
41,96.8961,1
20,97.0342,1
18,97.0619,1
39,97.3381,1
19,97.44,1
23,97.7847,1
24,97.8764,1
23,97.8903,1
36,98.0519,1
24,98.2739,1
31,98.5931,8
30,98.6958,8
31,98.7244,1,8
36,98.7569,1
36,99.0897,1
30,99.1897,8
25,99.2928,8
31,99.3267,8
23,99.3844,8
30,99.3878,8
27,99.4656,8
20,99.5733,8
28,99.8267,8
26,99.9944,8
17,100.2211,8
25,101.0586,8
26,101.1031,8
16,101.1486,8
25,101.7475,8
3,102.3339,8
7,102.4272,8
35,102.5978,1
9,102.6386,8
10,102.6747,8
36,102.6764,1
12,102.7192,8
24,102.7489,1,8
26,102.8253,1,8
13,102.8278,8
13,102.8722,8
25,102.9808,1,8
34,103.1403,1
14,103.1417,1,8
15,103.1694,8
17,103.3081,1,8
27,103.3761,1
17,103.3819,1,8
34,103.4611,1
25,103.6192,1
14,103.695,1,8
7,103.8369,8
32,103.8456,1
2,103.9258,8
1,103.9481,8
28,103.9564,1
0,103.9731,8
26,104.0006,1
1,104.0453,8
2,104.0869,8
27,104.1706,1
25,104.1886,1
26,104.2053,1
17,104.2192,8
27,104.2219,1
3,104.235,8
4,104.3658,8
5,104.4492,8
20,104.465,1
32,104.5411,1
30,104.7061,1
17,105.3367,8
6,105.6272,8
19,105.8467,8
20,105.8578,8
21,105.8717,8
22,105.8883,8
24,105.9189,8
28,106.0467,8
27,106.3056,1,8
27,106.4003,8
35,106.5078,1,8
29,106.5839,1
28,106.5975,8
36,106.6872,8
27,106.8283,8
24,106.9542,8
21,107.0425,1
20,107.0592,8
37,107.1514,8
19,107.8317,1
46,107.8794,1
47,107.91,1
20,107.9372,1,8
21,108.0153,1,8
24,108.2517,1,8
25,108.2933,8
26,108.3908,8
28,108.5103,8
34,108.6483,1
32,108.7364,1
36,108.8142,1,8
35,108.9886,1
33,109.0003,1,8
26,109.4083,8
25,109.4111,8
21,109.4722,8
10,109.6503,8
30,109.6822,8
30,109.7572,8
31,109.8231,8
30,109.8369,8
31,109.9008,8
12,110.3178,8
27,110.4022,8
13,110.4094,8
45,110.4808,1
27,110.5272,8
14,110.5372,8
15,110.5983,8
16,110.6456,8
18,110.6786,1,8
19,110.7011,8
23,110.7331,8
20,110.7511,8
19,110.7836,8
21,110.8514,8
22,110.8817,8
23,110.9094,8
24,110.9511,8
25,111.0261,8
27,111.1011,8
26,111.2014,8
25,111.3047,8
24,111.3575,8
16,111.5072,8
25,111.5136,8
27,111.5436,8
28,111.5714,8
27,111.5992,8
26,111.6431,8
30,111.6889,8
26,111.7519,8
24,111.8619,8
29,111.9108,8
25,112.385,1,8
26,112.4603,1,8
27,112.4825,8
27,112.5594,8
28,112.6242,8
25,112.6567,8
27,112.6631,8
23,112.7147,1,8
22,112.7461,8
27,112.8156,1
26,112.8439,1
28,112.8619,1,8
23,112.9078,1
30,112.9686,1
22,113.0242,1
28,113.2839,1,8
23,113.3428,1,8
26,113.3914,1,8
29,113.4411,1,8
30,113.4772,1,8
29,113.485,8
29,113.5683,1,8
27,113.7072,1,8
35,113.8072,1
26,113.91,1,8
19,113.9642,1
25,113.9911,1,8
23,114.2964,1
24,114.3686,1
26,114.4633,1
25,114.6356,1
22,114.67,8
25,114.7289,1,8
29,114.9217,1,8
30,115.1231,1,8
30,115.1481,8
24,115.2589,8
35,115.3294,8
25,115.3733,8
26,115.4158,8
28,115.4464,1,8
37,115.635,8
29,115.6578,1,8
38,115.7264,1
39,115.7689,1,8
28,115.8089,8
27,115.8517,1
38,115.8858,1
27,116.0078,1
28,116.0328,1
28,116.0433,1,8
28,116.0814,1
29,116.1103,1,8
39,116.1794,1,8
37,116.2836,1
32,116.3494,1
38,116.4233,1,8
28,116.7408,1,8
29,116.7908,8
34,116.8344,8
30,116.8764,1,8
29,116.8969,8
31,116.9714,1,8
28,117.0583,8
28,117.175,8
29,117.2111,1,8
29,117.2603,1
30,117.4414,1
28,117.4564,8
28,117.5178,1,8
27,117.6011,1,8
26,117.7094,1,8
25,117.7456,8
24,117.765,8
23,117.7817,8
22,117.7956,8
26,117.8283,8
20,117.8378,8
17,117.8753,1,8
27,118.0108,1,8
40,118.1692,1
24,118.2583,1
48,118.3011,1
18,118.4503,8
33,118.4664,8
31,118.5192,8
19,118.5392,8
20,118.5586,8
22,118.5842,8
24,118.6256,8
27,118.6544,8
28,118.7644,1
27,118.795,1,8
44,118.815,1
25,118.8411,1
41,118.8656,1
28,118.92,1,8
37,118.9611,1
29,119.0375,1,8
28,119.0539,1,8
27,119.1147,1
29,119.1564,1
27,119.1903,1,8
20,119.2128,1
36,119.2464,1,8
28,119.3311,8
33,119.39,8
29,119.4,8
27,119.4333,1,8
26,119.5003,1,8
29,119.6761,1,8
32,119.7853,1,8
27,119.8508,1
21,119.9469,1,8
32,119.9628,1
19,119.9664,1,8
33,119.9736,1
7,120.1461,8
6,120.1517,8
5,120.1786,8
4,120.1872,8
28,120.2,8
34,120.3267,1
28,120.4294,1
29,120.4692,1
31,120.4897,1
31,120.5728,1
27,120.5781,1
27,120.6392,1
33,120.6994,1
27,120.8617,1
30,121.0072,1
23,121.2744,1
35,121.3278,1
24,121.3442,1
25,121.3719,1
37,121.4328,1
5,121.4753,8
9,121.5697,8
13,121.6225,8
17,121.7147,1,8
15,121.7489,8
25,121.8136,1
26,121.8303,1
13,121.8525,8
30,121.8969,1
36,121.9481,1
48,121.9547,1
35,121.9625,1
13,121.9919,8
46,122.0075,1
37,122.0517,1
13,122.0531,8
37,122.1636,1
44,122.3519,1
16,122.4708,1,8
45,122.7939,1
34,123.3289,8
35,123.3503,8
34,123.375,8
33,123.4642,8
19,123.6636,8
32,123.8558,8
34,123.8975,8
36,124.1161,8
35,124.1844,8
36,124.2103,8
34,124.2406,8
26,124.3419,8
32,124.5881,8
25,124.6003,8
26,124.6308,8
33,124.8681,8
29,125.0564,8
27,125.2922,8
27,125.4344,8
26,125.4456,8
20,125.6342,8
26,125.8983,8
25,126.2831,1
27,126.3094,1,8
36,126.3625,1
23,126.6178,1
28,126.6372,1,8
37,126.6731,1
30,126.6928,1,8
35,126.8272,1
26,126.8539,1,8
31,126.8722,1
25,126.8733,1,8
24,127.0181,1,8
23,127.1514,1,8
33,127.1939,1
23,127.2608,1,8
24,127.2653,8
25,127.3042,8
26,127.3331,1,8
30,127.4836,1
26,127.6128,1,8
32,127.6606,1
24,127.6628,1,8
37,127.6683,8
25,127.6794,8
26,127.7572,1,8
35,127.8558,1
24,127.8656,1,8
24,127.9239,1,8
23,128.0044,1,8
22,128.1075,1,8
36,128.1672,1
20,128.1853,1,8
34,128.4058,1
16,128.4933,1,8
36,128.5703,1
25,128.6514,1
17,128.6744,1,8
18,128.6994,1,8
35,128.7875,1
22,128.8606,1,8
35,128.9092,8
21,128.9469,8
24,129.0886,8
27,129.6081,8
35,129.8386,8
28,129.8725,8
31,130.4192,8
29,130.5,1,8
35,130.6325,8
30,130.6528,8
29,130.675,8
38,130.7833,8
28,130.8278,1,8
30,130.8758,1
26,130.8972,1,8
29,130.9156,1
20,131.0706,1,8
19,131.1092,8
16,131.2981,8
32,131.3372,8
15,131.5653,1,8
27,131.6039,1,8
14,131.6764,1,8
29,131.7956,1,8
35,131.8022,1
28,131.8817,8
28,131.9206,8
31,132.0639,1
30,132.095,1
9,132.1125,8
10,132.1597,1
12,132.3208,1
13,132.3722,1,8
26,132.4256,1
28,132.4544,1,8
27,132.5558,1
30,132.6156,1,8
31,132.73,8
32,132.7856,8
14,132.8153,8
15,133.435,1,8
15,133.5572,1
16,133.6656,1,8
17,133.7044,8
21,133.8183,8
23,133.8778,1
25,133.9525,1,8
27,134.1,1,8
26,134.1861,1
36,134.3672,1
27,134.3858,1,8
28,134.4336,8
32,134.4617,8
29,134.4753,8
30,134.5228,8
28,134.5617,8
27,134.595,1
37,134.6892,1
25,134.7839,1,8
36,134.7964,1
26,134.8317,1,8
26,134.9189,8
25,134.9994,1,8
24,135.2192,1,8
36,135.3542,1
23,135.3761,1
37,135.3858,8
23,135.5361,1,8
25,135.5889,1,8
26,135.6083,8
29,135.6583,8
38,135.8269,8
38,135.9081,8
30,136.0169,8
35,136.2233,1,8
29,136.2531,8
30,136.2586,8
31,136.4631,8
31,136.4733,8
32,136.5261,1,8
33,136.5428,8
34,136.6442,1,8
35,136.7067,8
25,136.7603,1,8
34,136.8425,1,8
33,136.8781,8
34,137.0339,8
36,137.3036,1
37,137.5625,1
34,137.6303,1
33,137.6664,8
32,137.7064,1,8
31,137.7208,8
25,137.7508,8
30,137.7681,8
29,137.7986,8
29,137.8678,1,8
37,137.9139,1
34,137.9725,1,8
28,138.0856,1,8
38,138.1222,1
20,138.1825,1
17,138.2158,8
16,138.2269,8
15,138.2658,8
15,138.2942,8
38,138.3008,1
14,138.3108,8
12,138.3942,8
37,138.4336,1
32,138.5792,1,8
33,138.6819,1,8
32,138.7264,1,8
31,138.7542,8
10,138.8306,8
9,138.8694,8
32,138.95,1
31,139.0878,1,8
30,139.2319,8
28,139.3,1,8
32,139.4731,1
27,139.575,1,8
35,139.7169,1
28,139.9281,1,8
35,139.9883,1
27,140.1753,1,8
29,140.3269,8
30,140.4381,8
29,140.5739,8
9,140.6281,1,8
12,140.6753,8
22,140.8197,1,8
28,140.8906,1
25,140.9269,1,8
28,141.1719,8
31,141.2286,1,8
29,141.3028,1,8
30,141.3919,1,8
24,141.4028,1
32,141.5678,1,8
24,141.9347,1
25,141.9458,1,8
26,141.965,1
23,142.1164,1,8
29,142.1183,1,8
33,142.1514,1
23,142.1803,1,8
36,142.2056,1
28,142.2433,1,8
27,142.2686,1,8
26,142.3542,1
23,142.3553,8
25,142.4414,1,8
28,142.5547,1,8
29,142.6547,8
29,142.7186,1,8
36,142.7569,1
31,142.9531,1,8
32,142.9864,1,8
30,143.0075,8
29,143.0106,8
36,143.0531,1,8
30,143.3547,1,8
29,143.4825,8
45,143.5419,8
28,143.5761,8
27,143.6064,8
40,143.6292,8
28,143.6706,8
29,143.6983,8
37,143.8572,8
27,143.9386,8
29,144.2181,8
40,144.2931,8
39,144.3097,8
38,144.3525,8
28,144.4014,8
28,144.8283,8
40,145.0458,8
29,145.1703,8
30,145.1842,8
31,145.1981,8
39,145.3397,8
38,145.4775,8
34,145.6858,8
39,146.1625,8
41,146.3092,8
40,146.3367,8
33,146.5292,8
27,146.7314,8
41,146.7958,8
31,147.0203,8
28,147.2256,8
25,147.3672,8
26,147.5328,8
31,147.7033,8
28,147.9086,8
27,148.3994,8
26,148.705,8
25,148.7217,8
21,148.7906,8
20,148.8136,8
25,149.2661,8
37,149.7306,1
27,149.8039,1
37,149.8136,1
37,149.9111,1
36,149.9978,1
18,150.1053,1
31,150.1181,8
21,150.1622,1
22,150.3122,1
31,150.37,1
21,150.3817,1
29,150.4131,1
17,150.4411,1,8
26,150.4875,1
16,150.5106,1,8
32,150.5239,1,8
25,150.5381,1
31,150.5742,1,8
30,150.6092,1,8
28,150.69,1
18,150.8331,1,8
31,150.9883,1
18,151.1344,1,8
23,151.1922,1
19,151.2208,8
20,151.2478,1,8
20,151.3089,1
19,151.3533,1,8
20,151.4483,1
36,151.5914,1
29,151.6042,1,8
30,151.6125,8
31,151.6736,1,8
14,151.7914,8
32,151.8183,1,8
31,151.9353,1,8
32,152.0853,1,8
31,152.1494,1
30,152.1967,1
29,152.2633,1,8
29,152.2911,1
30,152.4475,1
29,152.5314,1,8
30,152.7353,1
24,152.7592,1,8
20,152.8231,1
25,152.8258,1,8
34,152.8692,1
23,153.0969,1,8
35,153.1183,1
16,153.2597,8
24,153.2667,8
23,153.3058,8
30,153.3847,1
21,153.4419,8
19,153.505,8
32,153.6186,1
21,153.8275,1,8
14,153.9136,8
22,154.0586,8
23,154.0781,8
24,154.1006,8
25,154.1617,8
26,154.1894,8
28,154.2228,8
25,154.3092,8
29,154.3561,8
30,154.5425,8
32,154.5897,8
29,155.0197,8
27,155.0669,8
31,155.0744,8
26,155.1058,8
27,155.1197,8
35,155.1514,8
36,155.2511,8
28,155.2947,8
29,155.3281,8
22,155.5447,1
31,155.6175,1,8
32,155.6547,1
10,155.7197,1
8,155.7697,1
27,155.8428,1
35,156.1303,1,8
13,156.1617,1
34,156.2192,1,8
37,156.3242,8
12,156.3353,1
35,156.3572,8
33,156.395,8
34,156.4044,8
33,156.5411,1,8
16,156.6436,1
31,156.6467,1,8
18,156.6833,1
34,156.7133,1,8
35,156.78,1,8
34,156.85,1,8
26,156.9044,1,8
33,157.2764,1,8
34,157.3514,1,8
24,157.4358,1
21,157.5083,8
20,157.5169,1,8
34,157.6142,1
21,157.6353,1,8
33,157.6556,8
23,157.6903,1,8
24,157.7042,8
25,157.7319,8
26,157.7569,1,8
25,157.8458,1,8
25,157.8847,8
31,158.0933,1,8
37,158.1169,1
30,158.1322,1,8
20,158.1767,8
29,158.1989,1,8
18,158.2394,8
28,158.2517,1,8
24,158.3908,1,8
21,158.4842,8
25,158.5269,1,8
26,158.5614,8
27,158.5908,1,8
26,158.7856,1,8
27,158.8467,8
27,158.92,8
28,158.9994,8
24,159.0253,8
29,159.0383,8
31,159.2272,8
30,159.3219,8
29,159.3497,8
28,159.5025,1,8
27,159.5331,8
23,159.5533,8
26,159.6025,8
27,159.6222,8
28,159.6639,8
27,159.7056,8
26,159.75,8
25,159.9028,8
24,160.1419,8
24,160.2311,1,8
35,160.2547,1
23,160.3339,1,8
28,160.4308,8
24,160.4394,8
26,160.4811,1,8
29,160.5867,1,8
28,160.7922,1,8
27,160.8867,8
25,160.8881,8
24,160.9381,8
25,160.9575,8
24,160.9908,1,8
25,161.1103,1
38,161.2047,1
26,161.2158,1,8
38,161.2653,1
28,161.5744,1,8
35,161.6678,8
29,161.7272,8
33,161.9597,8
30,162.0714,1,8
31,162.1297,8
30,162.1589,8
28,162.2444,1,8
27,162.3333,8
32,162.3478,1,8
25,162.3942,1,8
24,162.4497,8
34,162.6258,8
35,162.6675,1,8
36,162.8014,1
38,162.8275,1,8
39,162.8497,8
21,163.0953,1,8
20,163.2706,1,8
18,163.4622,8
38,163.4944,8
36,163.5583,1
35,163.5917,1
21,163.6925,1
35,163.7931,1,8
33,163.8292,8
22,163.8419,8
32,163.8689,8
31,163.8806,8
26,163.9017,8
30,163.9111,8
28,163.9242,8
29,163.9833,1,8
27,164.0575,1
30,164.0611,1
27,164.15,1
21,164.1586,1
31,164.1864,8
32,164.2061,1,8
30,164.2558,8
29,164.3003,8
31,164.3672,8
30,164.4425,8
31,164.5925,8
11,164.6253,1
34,164.6886,1,8
30,164.69,8
29,164.7178,8
31,164.7414,8
28,164.7428,8
15,164.8783,1
20,164.9533,1
26,164.9983,8
32,165.335,1
32,165.3461,8
25,165.3958,8
36,165.435,8
23,165.4439,1,8
17,165.5608,1,8
35,165.6211,1
36,165.73,1
37,165.7494,1
35,165.8739,1
12,165.9828,1
34,165.9875,1,8
34,166.0694,1,8
32,166.1972,1
33,166.2411,1,8
27,166.2819,1
9,166.3069,1
25,166.3686,1
36,166.4636,1,8
25,166.5153,1
37,166.5544,8
36,166.6075,1,8
27,166.6944,1
20,166.7939,1
21,166.8244,1
22,166.8411,1
23,166.8578,1
28,166.9289,1
24,167.0025,1
22,167.1864,1
30,167.2403,1
21,167.2467,1
31,167.2583,1
3,167.7494,8
4,167.7606,8
25,167.8306,1
13,167.8344,8
5,167.8439,8
11,167.9372,8
13,167.9578,8
36,167.98,1
28,168.1436,8
30,168.1797,1,8
31,168.2075,1,8
33,168.2408,8
32,168.3161,1
15,168.3217,8
14,168.3494,8
32,168.4106,1,8
31,168.5344,1
30,168.6061,1,8
30,168.7117,8
16,168.7636,1,8
29,168.8147,1,8
27,168.8508,1,8
29,168.9431,1
17,168.9781,1
28,169.0425,8
20,169.1044,1
32,169.3664,1
22,169.3808,1,8
29,169.44,1,8
29,169.5036,1
27,169.6414,8
25,169.7653,1
24,169.8125,1
23,170.0767,1
28,170.1792,1
26,170.5264,8
27,173.2433,1,8
24,173.9281,1
36,173.9419,1
23,174.0947,1
29,174.1825,1
28,174.2306,1
28,174.4006,1,8
27,174.4028,1
26,174.4417,1,8
17,174.4806,1
18,174.5517,8
27,174.5892,1,8
19,174.6072,8
28,174.6725,1,8
38,174.6847,1
29,174.7211,1,8
37,174.8111,1
20,174.8286,1,8
35,174.8506,1
23,174.88,1,8
34,175.0639,1
27,175.1917,1,8
26,175.2417,8
28,175.4453,1,8
33,175.6619,1
23,175.7089,1
32,175.7581,1,8
30,175.8264,1
28,175.9175,1,8
31,175.9219,1,8
30,176.0033,1
30,176.1825,1,8
20,176.3431,1
21,176.3653,1
31,176.3853,8
23,176.4431,1
31,176.4633,8
34,176.4881,8
30,176.53,8
29,176.7014,8
28,176.7489,1,8
39,176.8981,1,8
29,177.0989,1,8
30,177.2158,1,8
29,177.3047,1,8
28,177.565,8
25,177.7039,8
19,177.9233,8
18,177.9817,8
17,178.0233,8
37,178.025,8
16,178.0539,8
34,178.0883,8
19,178.4039,8
34,178.4278,8
20,178.5014,8
22,178.5597,8
25,178.6506,8
27,178.6978,8
31,178.7561,8
33,178.8033,8
35,178.8906,8
33,178.9197,8
36,178.9658,8
35,179.0383,8
34,179.0883,8
31,179.1733,8
29,179.2167,8
27,179.2597,8
21,179.35,1,8
37,179.5494,1,8
37,179.6022,1,8
36,179.7961,1
28,179.8425,1
37,179.9194,1,8
36,180.0381,1
14,180.1747,8
34,180.1969,8
15,180.2025,8
36,180.3228,1
17,180.7333,1,8
36,180.8331,1
17,180.9311,1,8
31,180.9758,1
25,181.0506,1
26,181.0783,8
25,181.0811,1,8
26,181.2506,1,8
31,181.285,1
25,181.3228,1,8
33,181.4128,1
26,181.4661,1,8
30,181.58,8
32,181.6442,1,8
33,181.7333,1,8
34,181.8317,8
15,181.8589,8
35,181.9519,1,8
37,182.0983,1
34,182.1275,1,8
33,182.1494,1,8
20,182.3244,1
29,182.3539,1,8
38,182.4092,1
19,182.4306,1,8
38,182.4489,1
20,182.4722,1,8
24,182.5356,8
26,182.5661,8
29,182.6239,1,8
36,182.6725,1
31,182.7683,8
28,182.8419,8
27,182.8725,1
37,182.9853,1
26,183.0031,1,8
30,183.27,1,8
36,183.3769,1
29,183.3842,1
28,183.4678,8
25,183.5261,8
35,183.5631,8
26,183.5956,8
25,183.665,8
26,183.7656,8
26,183.9656,1,8
36,184.16,8
25,184.1767,8
25,184.3686,8
24,184.4017,1
29,184.4658,8
30,184.4797,8
24,184.5378,1
31,184.6203,8
31,184.6547,8
28,184.6722,8
32,184.7103,1,8
22,184.7719,1,8
31,185.0111,1
31,185.0547,1,8
22,185.0753,8
30,185.1408,8
28,185.1628,8
29,185.3825,1,8
32,185.4367,1
27,185.4661,1,8
25,185.5031,1,8
28,185.505,8
27,185.5356,8
24,185.6931,1
26,185.7278,8
25,185.7361,8
28,185.7717,1,8
27,185.8092,1
30,185.8136,1,8
24,186.1103,1,8
28,186.2822,1
23,186.4361,1
26,186.4375,8
29,186.5378,8
27,186.6128,8
28,186.6989,1,8
27,186.8294,1,8
31,187.1064,8
26,187.1739,8
26,187.195,1
25,187.2503,8
26,187.2808,8
27,187.3192,8
25,187.3722,1,8
9,187.4731,1
24,187.5922,1,8
25,187.7389,8
26,187.7544,8
30,187.8236,8
31,187.8875,1,8
10,187.8981,1
33,187.9458,8
36,188.13,1,8
38,188.1828,1,8
39,188.1861,8
40,188.2522,1,8
42,188.2931,1,8
32,188.2947,8
44,188.3286,8
20,188.3467,1
20,188.5525,1
47,188.6506,1,8
42,188.755,1,8
29,188.8067,1
39,188.89,1,8
32,188.9372,1
27,188.9803,1
38,189.005,8
37,189.1114,8
36,189.1925,8
31,189.2247,1,8
31,189.2386,1
29,189.2733,1
30,189.2831,1,8
23,189.3994,1
26,189.5769,1
29,189.5789,1
26,189.6981,8
30,189.8044,1
27,189.9067,8
26,189.9483,1
22,190.1144,1
26,190.1847,8
27,190.2736,8
39,190.3519,8
28,190.3558,1,8
42,190.3878,1,8
33,190.4067,1
24,190.4292,1
27,190.4697,1,8
28,190.5061,1,8
29,190.5311,8
27,190.7475,1
43,190.7542,8
42,190.7764,8
28,190.7786,8
27,190.8117,8
39,190.8292,8
28,190.8425,8
37,190.8831,8
27,190.8897,1,8
30,190.9861,1
25,191.0147,1
38,191.1133,1
24,191.1228,1
38,191.1458,1
26,191.1675,1
36,191.1878,1
29,191.2925,1
31,191.3669,1
28,191.4175,8
27,191.4397,1
30,191.5708,1
36,191.6325,1
28,191.7094,1,8
29,191.7289,1
37,191.7878,1
33,191.8653,1
32,191.9375,1
29,192.0042,1
28,192.1278,1
28,192.3558,8
27,192.4253,8
25,192.5894,1
35,192.6336,1,8
37,192.6903,1
28,192.7447,1,8
25,192.8533,8
26,192.8894,8
35,193.1911,1,8
36,193.3586,1
36,193.5197,1,8
37,193.5392,8
25,197.3644,8
30,197.9078,1
29,197.9161,1
25,197.9742,1
24,198.0286,1
26,198.0567,1,8
24,198.1175,1
34,198.2008,1
17,198.2675,1,8
27,198.2983,1,8
27,198.3278,1
30,198.3428,1,8
24,198.3603,1
30,198.365,1,8
22,198.3892,1
29,198.3903,1,8
30,198.4014,1,8
19,198.4217,1
10,198.4419,1,8
29,198.4767,1,8
12,198.5036,1
7,198.5244,1,8
27,198.5411,1
5,198.5522,1,8
26,198.5744,1
4,198.5833,1,8
6,198.5867,1
5,198.5975,1
3,198.6625,1
5,198.6975,1,8
7,198.7389,1,8
3,198.8661,1
31,198.935,8
5,199.0525,1
29,199.2467,1,8
10,199.2997,1
31,199.3022,8
15,199.4403,1,8
10,199.4928,1
32,199.4939,8
20,199.5494,1,8
10,199.6289,1
31,199.6747,8
30,199.7219,1,8
28,199.8747,1,8
22,199.98,1
26,199.9972,8
24,200.0611,1,8
16,200.2286,1
26,200.2492,1
19,200.2656,1,8
20,200.3442,1
17,200.3697,1,8
18,200.3878,1,8
25,200.4225,1
15,200.48,1,8
17,200.4989,1,8
18,200.5267,1,8
32,200.5294,1
10,200.5578,8
19,200.5794,1,8
35,200.5981,1
6,200.6272,8
20,200.6578,8
21,200.6911,8
24,200.7744,1,8
25,200.8022,8
26,200.83,8
28,200.8828,8
29,200.9131,1,8
36,200.9361,1
12,200.9819,8
30,201.0975,8
30,201.1792,1
37,201.2267,1
13,201.3017,8
34,201.3042,8
35,201.3942,1
34,201.4161,8
27,201.8486,8
31,201.9086,1,8
35,202.0019,1,8
34,202.0478,8
19,202.1333,1
27,202.9181,8
28,203.1069,8
33,203.1194,1,8
29,203.1692,8
29,203.1944,8
30,203.25,8
24,203.2658,8
29,203.3083,8
20,203.3222,8
27,203.3667,8
25,203.4056,8
19,203.5031,8
18,203.5392,8
14,203.6033,1,8
17,203.6681,1,8
23,203.74,1
15,203.8794,1,8
33,204.0628,1
30,204.0647,1
15,204.0908,1,8
34,204.1875,1
24,204.2594,1
25,204.2761,1
16,204.3019,1,8
28,204.345,1
23,204.3819,1
24,204.4064,1
24,204.4436,1
18,204.5028,1,8
16,204.5203,1
17,204.5883,1,8
13,204.6342,1
21,204.655,1,8
26,204.9186,1
25,205.0458,8
17,205.1422,1,8
25,205.2408,1
18,205.2992,1
26,205.3461,1,8
29,205.3858,8
27,205.4239,1,8
22,205.5964,1
31,205.6775,1,8
28,205.8072,1,8
29,205.8533,1,8
27,205.9397,1
30,206.0897,1,8
31,206.1036,1
34,206.2203,1,8
36,206.3917,1,8
30,206.4347,1
22,206.5736,1
35,206.5847,8
20,206.6072,1
34,206.6244,8
18,206.6572,1
35,206.7186,1,8
20,206.7406,1
33,206.7442,1,8
35,206.9189,1,8
32,206.9258,8
28,207.31,8
29,207.3461,1,8
28,207.5156,1,8
29,207.6353,8
29,207.7661,8
40,207.7886,8
27,207.9414,8
25,208.0192,8
26,208.0553,8
34,208.2461,1,8
35,208.3447,1
21,208.3589,1
25,208.3806,1,8
27,208.5222,8
30,208.5578,1,8
31,208.6344,1,8
26,208.8447,1,8
31,208.8661,1
22,208.8772,1,8
25,208.8919,1,8
20,208.9483,1,8
26,208.9697,8
22,209.1597,1
24,209.1811,1,8
17,209.2581,1,8
16,209.3575,1,8
27,209.4044,1
22,209.435,1
25,209.4603,8
7,209.4806,8
26,209.4922,1,8
6,209.4997,1,8
21,209.5189,1
27,209.5256,1
18,209.5617,1
5,209.5692,1,8
30,209.5894,1
15,209.6528,1
24,209.71,1
31,209.7353,1
6,209.7867,8
30,209.9117,1
18,209.9922,1
6,210.0231,1,8
21,210.0392,1
30,210.0578,1
7,210.0622,1,8
25,210.1061,1
14,210.1842,1,8
30,210.2469,1
31,210.3775,1,8
17,210.4311,1,8
32,210.4442,1,8
36,210.5475,1
20,210.5953,1,8
33,210.6653,1,8
23,210.7297,1,8
35,210.9489,1
27,211.1419,1,8
28,211.1883,1,8
27,211.3339,1
29,211.3622,8
27,211.4211,1
28,211.4489,1
28,211.5872,8
33,211.6703,1,8
33,211.8894,1,8
32,211.9022,8
31,211.9256,1,8
30,211.9728,8
30,211.9867,8
28,212.0033,8
29,212.045,8
25,212.1006,1,8
24,212.1228,8
23,212.1394,8
22,212.1533,8
19,212.4211,1,8
16,212.4875,8
16,212.5153,8
15,212.5792,1,8
23,212.6075,1,8
14,212.6228,1,8
13,212.6394,1,8
10,212.6864,1,8
9,212.7003,1,8
27,212.9172,1
27,212.9192,1
27,212.9769,8
29,213.0836,1
10,213.1131,1,8
33,213.1519,1
14,213.1686,1,8
15,213.2989,8
14,213.4383,8
13,213.5383,8
12,213.6408,8
31,213.6994,8
33,213.785,8
38,213.8906,1,8
40,213.9675,1,8
42,214.0731,1,8
42,214.1342,1,8
36,214.2644,1
36,214.4756,1,8
21,214.5067,1
21,214.6222,1
24,214.6944,1
23,214.7583,1
43,214.7892,1
36,214.8072,1,8
44,214.8214,1
37,214.8711,8
43,214.9553,1
37,215.0481,1,8
38,215.0942,1
36,215.1172,1,8
36,215.1533,1
35,215.1894,1
37,215.3617,1,8
37,215.3894,8
39,215.4558,1,8
26,215.5236,1
38,215.5336
,837,215.5856
,817,215.6556
,821,215.7297
,824,215.7631
,836,215.8903
,825,215.8956
,827,215.965
,828,215.9983
,8