45,0.1453,1
46,0.1675,1
46,0.5147,1
30,0.5269,1
18,0.6639,1,8
15,0.6972,1,8
39,1.0453,1
27,1.0828,1,8
36,1.1283,1
19,1.2236,1
31,1.2981,1
32,1.3619,1
15,1.3731,1,8
16,1.4675,1
31,1.5339,1
34,1.7281,1
15,1.8819,1,8
33,2.1342,1
35,2.1675,1
36,2.5661,1
27,2.6578,1,8
25,5.9056,1,8
37,6.1631,1
29,6.2367,1,8
29,6.4061,1,8
19,6.5003,1,8
28,6.6761,1,8
21,6.8072,1,8
23,6.8517,1,8
35,6.8842,1
29,6.9069,1,8
26,6.96,1,8
31,7.1053,1
31,7.1425,1,8
29,7.4628,1,8
30,7.5489,1,8
34,7.5931,1
29,7.6381,1
25,7.7625,1
35,7.8817,1
24,7.9014,1
25,8.0553,1
29,8.1192,1,8
29,8.2375,1,8
27,8.3075,1
26,8.3514,1
28,8.4569,1
25,8.6656,1
31,8.7344,1
12,8.8644,1
24,8.9361,1
21,9.3225,1,8
25,11.0203,1
16,11.2169,1,8
31,11.2894,1
30,11.3492,1
25,11.3942,1,8
26,11.5583,1,8
27,11.6028,1,8
33,11.7069,1
29,11.9789,1
15,12.0308,1,8
25,12.0553,1
24,12.0775,1
28,12.2,1,8
23,12.3722,1
20,12.4833,1,8
31,12.5256,1,8
35,12.6242,1,8
35,12.7139,1,8
34,12.75,1,8
34,12.8139,1
32,12.8803,1,8
30,13.0511,1,8
29,13.14,1
27,13.2367,1
32,13.3375,1
30,13.5689,1,8
38,13.9275,1
29,13.9692,1,8
35,14.1911,1,8
37,14.2614,1
30,14.2681,1,8
24,14.3661,1
28,14.465,1
23,14.6244,1
24,14.6328,1
30,14.6408,1,8
35,14.9103,1,8
34,15.6311,1,8
38,15.7019,1
23,15.7669,1
25,16.1633,1
26,16.255,1,8
27,16.3339,1,8
25,16.5333,1,8
23,16.545,1
22,16.5867,1
22,16.5917,1,8
33,16.6833,1
22,16.6869,1
20,16.7139,1,8
19,16.7417,1,8
23,16.8647,1
30,16.9492,1
24,16.9825,1,8
28,17.0194,1
25,17.0547,1,8
24,17.0847,1
24,17.2542,1
26,17.2553,1,8
22,17.3542,1
22,17.4264,1
18,17.6047,1,8
18,17.6186,1,8
16,17.6714,1,8
16,17.8717,1,8
21,18.0364,1,8
18,18.0747,1
22,18.2586,1
22,18.4478,1,8
19,18.4667,1
18,18.6317,1,8
16,18.715,1,8
29,18.7922,1
15,18.9547,1,8
13,19.1381,1,8
30,19.285,1
11,19.3339,1,8
12,19.3631,1,8
32,19.3933,1
13,19.3967,1
32,19.4222,1
14,19.4619,1,8
28,19.5594,1,8
29,19.5961,1
21,19.6167,1
20,19.6639,1
21,19.7633,1
30,19.8317,1,8
15,19.8761,1,8
28,20.2208,1,8
35,20.4556,1,8
26,20.6633,1
34,20.8047,1,8
26,20.8581,1,8
47,21.0722,1
29,21.1956,1,8
19,21.2533,1,8
49,21.2681,1
28,21.3167,1,8
26,21.4333,1,8
18,21.5533,1,8
31,21.6131,1
48,21.6647,1
26,21.6889,1
44,21.7764,1
19,21.7825,1
16,21.8272,1
14,21.9781,1
13,22.3539,1
32,22.5017,1
29,22.5556,1
26,22.5969,1
11,22.6497,1
25,22.8003,1
8,22.8403,1
26,22.9308,1
8,22.9503,1
27,23.0506,1
19,23.0658,1
26,23.1033,1
24,23.1236,1
25,23.2367,1
24,23.2533,1
23,23.295,1
24,23.3144,1
23,23.5117,1
29,23.7269,1,8
17,23.8717,1
15,23.905,1
14,23.9383,1
27,23.9486,1
15,48.1464,1
28,48.16,1,8
27,48.1711,1,8
12,48.2464,1
24,48.3267,1,8
23,48.3517,1
25,48.3908,1,8
25,48.4269,1
16,48.455,1
24,48.4603,1,8
21,48.5272,1
22,48.5411,1
34,48.6047,1,8
24,48.6592,1
16,48.6844,1,8
20,48.7047,1
35,48.7108,1,8
18,48.7267,1
24,48.8317,1
34,48.8364,1,8
13,48.8458,1
9,48.9,1
23,49.0761,1
24,49.1122,1
25,49.1206,1
14,49.4792,1
15,49.7222,1
34,50.0425,1,8
11,50.1975,1
30,50.2536,1
36,50.2842,1
33,50.3261,1
35,50.3706,1
22,50.3892,1
34,54.2506,1,8
17,54.3311,1,8
36,54.3472,1
33,54.6108,1,8
32,54.6453,1,8
14,54.7589,1,8
31,54.7653,1,8
31,54.8497,1
29,54.9017,1,8
26,54.9292,1
30,54.9544,1,8
31,55.1131,1,8
29,55.2453,1
23,55.3058,1
17,55.3406,1,8
26,55.5028,1
35,55.565,1,8
34,55.6008,1,8
32,55.6839,1
24,55.9125,1
35,55.9228,1,8
34,56.2014,1
35,56.3078,1,8
23,56.3903,1
22,56.5292,1
37,56.7753,1,8
36,56.8586,1,8
17,56.8833,1,8
35,56.9417,1,8
29,57.1689,1
31,57.1828,1,8
31,57.2211,1
19,57.3131,1,8
34,57.3514,1
32,57.3575,1,8
25,57.4892,1,8
36,59.3386,1,8
31,59.3564,1
37,59.44,1,8
21,59.7786,1
32,59.7858,1,8
31,59.9211,1,8
30,60.0133,1
38,60.0517,1,8
32,60.155,1
30,60.1714,1,8
27,60.2269,1
34,60.2744,1
15,60.4489,1
39,60.5519,1,8
19,60.6125,1,8
35,60.6633,1
21,60.7208,1,8
22,60.7661,1,8
31,60.8186,1
39,61.0017,1,8
19,61.0083,1
21,61.1161,1,8
19,61.1578,1
18,61.28,1
20,61.3164,1,8
21,61.54,1,8
19,61.5767,1
22,61.64,1,8
34,61.685,1,8
29,61.7167,1
24,61.7686,1
33,61.8033,1
25,61.8603,1
34,61.9019,1,8
21,61.9781,1,8
22,62.0992,1,8
29,62.1669,1,8
19,62.4683,1,8
28,62.6011,1
23,62.6244,1,8
22,62.6633,1
25,62.7328,1
26,62.7664,1,8
30,62.8089,1
23,62.8303,1
27,63.1136,1,8
32,63.1414,1
26,63.1444,1
28,63.1831,1,8
27,63.2886,1,8
26,63.5256,1,8
26,63.6061,1,8
32,64.1689,1,8
29,64.5308,1
36,64.5675,1
37,64.6967,1,8
40,64.9622,1,8
35,65.0597,1
41,65.1122,1
32,65.1817,1
32,65.2244,1
18,65.2703,1,8
30,65.3219,1
38,65.3403,1,8
29,65.3722,1
17,65.4017,1,8
42,65.4822,1
26,65.6747,1
40,65.695,1
15,65.8044,1
36,65.8889,1
28,66.0025,1
10,66.0214,1
35,66.0358,1
30,66.0386,1
15,66.3483,1,8
28,66.8058,1,8
24,67.5731,1,8
24,67.7219,1
27,67.9331,1
27,68.1228,1
25,68.1553,1
17,68.1911,1,8
26,68.2347,1
27,68.3358,1
16,68.4997,1,8
20,68.5683,1
29,68.6611,1
27,68.715,1,8
14,68.8375,1
28,68.8972,1,8
12,69.0697,1
30,69.1139,1
33,69.2364,1
32,69.3031,1
31,69.3308,1
29,69.3678,1,8
16,69.4156,1
31,69.4986,1,8
18,69.5275,1
28,69.5819,1
24,69.6489,1
29,69.6656,1
27,69.6925,1
32,69.7364,1,8
31,69.8169,1
26,69.8531,1
26,69.8628,1,8
24,69.9397,1
33,70.1486,1
29,70.1875,1,8
19,70.2086,1
23,70.2647,1,8
24,70.2703,1,8
25,70.3147,1,8
12,70.3442,1
26,70.3481,1
25,70.4703,1
24,70.4842,1,8
26,70.5878,1,8
28,71.0217,1,8
27,71.155,1
25,71.3694,1
23,71.4869,1
22,71.5086,1,8
10,71.5625,1,8
20,71.6058,1
17,71.8164,1,8
15,71.8661,1,8
16,71.9417,1,8
17,71.9772,1
21,72.2972,1,8
10,72.6058,1,8
16,72.6272,1
28,72.6419,1,8
27,72.6475,1,8
8,72.7025,1
36,73.0497,1,8
21,73.1303,1
37,73.1564,1,8
23,73.2058,1
16,73.2147,1
13,73.2539,1
6,73.7958,1
26,73.8069,1
26,73.8283,1,8
25,73.8478,1,8
30,73.8647,1
24,74.0442,1
35,74.1739,1
22,78.1733,1,8
23,78.2347,1
24,78.2486,1
25,78.2597,1
29,78.3153,1
16,78.3289,1,8
30,78.3667,1
27,78.4303,1
28,78.4553,1
26,78.4911,1
32,78.5114,1
32,78.8261,1
11,78.8525,1,8
34,78.9344,1
14,78.9744,1,8
35,78.9922,1
19,79.1886,1
35,79.5125,1
19,79.5794,1,8
24,79.8542,1
17,79.9353,1,8
16,80.1717,1,8
17,80.2494,1,8
17,80.4275,1,8
18,80.4553,1,8
22,80.5006,1
35,80.7553,1
28,81.0975,1,8
38,81.1094,1
36,81.3417,1
29,81.7708,1,8
36,82.5875,1,8
35,82.7267,1
33,82.7625,1
34,82.8394,1
35,82.9061,1
29,83.1322,1,8
35,83.4656,1
25,83.4969,1
33,83.555,1
15,83.5703,1,8
11,83.6064,1
12,83.6256,1
13,83.6367,1
15,83.6589,1
16,83.67,1
17,83.6811,1
18,83.695,1
19,83.7089,1
20,83.7256,1
21,83.7422,1
23,83.7644,1
25,83.7867,1
25,83.7972,1,8
25,83.8883,1
26,84.0392,1,8
25,84.5781,1,8
23,84.625,1
26,84.6467,1
22,84.7094,1
21,84.7236,1
27,84.7383,1
23,84.7822,1
28,84.7883,1
27,84.8431,1
26,84.9806,1,8
25,85.0278,1,8
26,85.0528,1,8
25,85.0722,1,8
26,85.175,1,8
34,85.4269,1
23,85.46,1,8
22,85.5267,1,8
22,85.5711,1,8
33,85.5972,1
23,85.5989,1,8
31,85.6867,1
17,85.72,1,8
13,85.8144,1,8
17,86.1828,1,8
16,86.1958,1,8
22,86.2958,1
33,86.3483,1
18,86.4161,1,8
22,86.4744,1,8
27,86.6017,1,8
18,86.9119,1
35,87.1983,1
36,87.28,1
15,88.4433,1,8
25,88.4931,1,8
17,88.535,1,8
18,88.5906,1,8
29,88.6308,1
16,88.7342,1,8
19,89.01,1
18,89.0211,1
15,89.0897,1,8
17,89.2686,1
15,90.0358,1,8
22,90.7111,1
21,90.8919,1
35,91.1417,1
21,91.1756,1
26,91.2558,1,8
32,91.4789,1
22,91.6272,1
21,91.7531,1
33,91.7589,1
20,91.9161,1
28,91.9414,1
21,92.03,1
8,92.0867,1,8
8,92.125,1
9,92.1997,1,8
28,92.2072,1
20,92.6042,1
22,92.7333,1
35,92.7514,1
39,92.8706,1
24,93.0583,1
21,93.6231,1,8
21,93.6839,1
26,93.8931,1,8
27,94.2333,1,8
30,94.3931,1
27,94.5736,1
24,95.0075,1
23,95.0492,1
36,95.2983,1
35,95.32,1
34,95.3344,1
11,95.56,1
15,95.6156,1
17,95.6489,1
18,95.6572,1
19,95.6794,1
23,95.8508,1
24,95.9036,1
27,95.9203,1
23,96.0286,1
26,96.1506,1
29,96.2872,1
25,96.3033,1
31,96.3414,1
24,96.3842,1
37,96.3967,1,8
36,96.4217,1,8
37,96.4353,1
35,96.4675,1,8
26,96.5147,1
27,96.5708,1,8
28,96.6369,1,8
21,96.6897,1
20,96.7036,1
29,96.7261,1,8
30,96.7733,1,8
39,96.8347,1
35,96.8786,1,8
41,96.8961,1
20,97.0342,1
18,97.0619,1
39,97.3381,1
19,97.44,1
23,97.7847,1
24,97.8764,1
23,97.8903,1
36,98.0519,1
24,98.2739,1
31,98.7244,1,8
36,98.7569,1
36,99.0897,1
35,102.5978,1
36,102.6764,1
24,102.7489,1,8
26,102.8253,1,8
25,102.9808,1,8
34,103.1403,1
14,103.1417,1,8
17,103.3081,1,8
27,103.3761,1
17,103.3819,1,8
34,103.4611,1
25,103.6192,1
14,103.695,1,8
32,103.8456,1
28,103.9564,1
26,104.0006,1
27,104.1706,1
25,104.1886,1
26,104.2053,1
27,104.2219,1
20,104.465,1
32,104.5411,1
30,104.7061,1
27,106.3056,1,8
35,106.5078,1,8
29,106.5839,1
21,107.0425,1
19,107.8317,1
46,107.8794,1
47,107.91,1
20,107.9372,1,8
21,108.0153,1,8
24,108.2517,1,8
34,108.6483,1
32,108.7364,1
36,108.8142,1,8
35,108.9886,1
33,109.0003,1,8
45,110.4808,1
18,110.6786,1,8
25,112.385,1,8
26,112.4603,1,8
23,112.7147,1,8
27,112.8156,1
26,112.8439,1
28,112.8619,1,8
23,112.9078,1
30,112.9686,1
22,113.0242,1
28,113.2839,1,8
23,113.3428,1,8
26,113.3914,1,8
29,113.4411,1,8
30,113.4772,1,8
29,113.5683,1,8
27,113.7072,1,8
35,113.8072,1
26,113.91,1,8
19,113.9642,1
25,113.9911,1,8
23,114.2964,1
24,114.3686,1
26,114.4633,1
25,114.6356,1
25,114.7289,1,8
29,114.9217,1,8
30,115.1231,1,8
28,115.4464,1,8
29,115.6578,1,8
38,115.7264,1
39,115.7689,1,8
27,115.8517,1
38,115.8858,1
27,116.0078,1
28,116.0328,1
28,116.0433,1,8
28,116.0814,1
29,116.1103,1,8
39,116.1794,1,8
37,116.2836,1
32,116.3494,1
38,116.4233,1,8
28,116.7408,1,8
30,116.8764,1,8
31,116.9714,1,8
29,117.2111,1,8
29,117.2603,1
30,117.4414,1
28,117.5178,1,8
27,117.6011,1,8
26,117.7094,1,8
17,117.8753,1,8
27,118.0108,1,8
40,118.1692,1
24,118.2583,1
48,118.3011,1
28,118.7644,1
27,118.795,1,8
44,118.815,1
25,118.8411,1
41,118.8656,1
28,118.92,1,8
37,118.9611,1
29,119.0375,1,8
28,119.0539,1,8
27,119.1147,1
29,119.1564,1
27,119.1903,1,8
20,119.2128,1
36,119.2464,1,8
27,119.4333,1,8
26,119.5003,1,8
29,119.6761,1,8
32,119.7853,1,8
27,119.8508,1
21,119.9469,1,8
32,119.9628,1
19,119.9664,1,8
33,119.9736,1
34,120.3267,1
28,120.4294,1
29,120.4692,1
31,120.4897,1
31,120.5728,1
27,120.5781,1
27,120.6392,1
33,120.6994,1
27,120.8617,1
30,121.0072,1
23,121.2744,1
35,121.3278,1
24,121.3442,1
25,121.3719,1
37,121.4328,1
17,121.7147,1,8
25,121.8136,1
26,121.8303,1
30,121.8969,1
36,121.9481,1
48,121.9547,1
35,121.9625,1
46,122.0075,1
37,122.0517,1
37,122.1636,1
44,122.3519,1
16,122.4708,1,8
45,122.7939,1
25,126.2831,1
27,126.3094,1,8
36,126.3625,1
23,126.6178,1
28,126.6372,1,8
37,126.6731,1
30,126.6928,1,8
35,126.8272,1
26,126.8539,1,8
31,126.8722,1
25,126.8733,1,8
24,127.0181,1,8
23,127.1514,1,8
33,127.1939,1
23,127.2608,1,8
26,127.3331,1,8
30,127.4836,1
26,127.6128,1,8
32,127.6606,1
24,127.6628,1,8
26,127.7572,1,8
35,127.8558,1
24,127.8656,1,8
24,127.9239,1,8
23,128.0044,1,8
22,128.1075,1,8
36,128.1672,1
20,128.1853,1,8
34,128.4058,1
16,128.4933,1,8
36,128.5703,1
25,128.6514,1
17,128.6744,1,8
18,128.6994,1,8
35,128.7875,1
22,128.8606,1,8
29,130.5,1,8
28,130.8278,1,8
30,130.8758,1
26,130.8972,1,8
29,130.9156,1
20,131.0706,1,8
15,131.5653,1,8
27,131.6039,1,8
14,131.6764,1,8
29,131.7956,1,8
35,131.8022,1
31,132.0639,1
30,132.095,1
10,132.1597,1
12,132.3208,1
13,132.3722,1,8
26,132.4256,1
28,132.4544,1,8
27,132.5558,1
30,132.6156,1,8
15,133.435,1,8
15,133.5572,1
16,133.6656,1,8
23,133.8778,1
25,133.9525,1,8
27,134.1,1,8
26,134.1861,1
36,134.3672,1
27,134.3858,1,8
27,134.595,1
37,134.6892,1
25,134.7839,1,8
36,134.7964,1
26,134.8317,1,8
25,134.9994,1,8
24,135.2192,1,8
36,135.3542,1
23,135.3761,1
23,135.5361,1,8
25,135.5889,1,8
35,136.2233,1,8
32,136.5261,1,8
34,136.6442,1,8
25,136.7603,1,8
34,136.8425,1,8
36,137.3036,1
37,137.5625,1
34,137.6303,1
32,137.7064,1,8
29,137.8678,1,8
37,137.9139,1
34,137.9725,1,8
28,138.0856,1,8
38,138.1222,1
20,138.1825,1
38,138.3008,1
37,138.4336,1
32,138.5792,1,8
33,138.6819,1,8
32,138.7264,1,8
32,138.95,1
31,139.0878,1,8
28,139.3,1,8
32,139.4731,1
27,139.575,1,8
35,139.7169,1
28,139.9281,1,8
35,139.9883,1
27,140.1753,1,8
9,140.6281,1,8
22,140.8197,1,8
28,140.8906,1
25,140.9269,1,8
31,141.2286,1,8
29,141.3028,1,8
30,141.3919,1,8
24,141.4028,1
32,141.5678,1,8
24,141.9347,1
25,141.9458,1,8
26,141.965,1
23,142.1164,1,8
29,142.1183,1,8
33,142.1514,1
23,142.1803,1,8
36,142.2056,1
28,142.2433,1,8
27,142.2686,1,8
26,142.3542,1
25,142.4414,1,8
28,142.5547,1,8
29,142.7186,1,8
36,142.7569,1
31,142.9531,1,8
32,142.9864,1,8
36,143.0531,1,8
30,143.3547,1,8
37,149.7306,1
27,149.8039,1
37,149.8136,1
37,149.9111,1
36,149.9978,1
18,150.1053,1
21,150.1622,1
22,150.3122,1
31,150.37,1
21,150.3817,1
29,150.4131,1
17,150.4411,1,8
26,150.4875,1
16,150.5106,1,8
32,150.5239,1,8
25,150.5381,1
31,150.5742,1,8
30,150.6092,1,8
28,150.69,1
18,150.8331,1,8
31,150.9883,1
18,151.1344,1,8
23,151.1922,1
20,151.2478,1,8
20,151.3089,1
19,151.3533,1,8
20,151.4483,1
36,151.5914,1
29,151.6042,1,8
31,151.6736,1,8
32,151.8183,1,8
31,151.9353,1,8
32,152.0853,1,8
31,152.1494,1
30,152.1967,1
29,152.2633,1,8
29,152.2911,1
30,152.4475,1
29,152.5314,1,8
30,152.7353,1
24,152.7592,1,8
20,152.8231,1
25,152.8258,1,8
34,152.8692,1
23,153.0969,1,8
35,153.1183,1
30,153.3847,1
32,153.6186,1
21,153.8275,1,8
22,155.5447,1
31,155.6175,1,8
32,155.6547,1
10,155.7197,1
8,155.7697,1
27,155.8428,1
35,156.1303,1,8
13,156.1617,1
34,156.2192,1,8
12,156.3353,1
33,156.5411,1,8
16,156.6436,1
31,156.6467,1,8
18,156.6833,1
34,156.7133,1,8
35,156.78,1,8
34,156.85,1,8
26,156.9044,1,8
33,157.2764,1,8
34,157.3514,1,8
24,157.4358,1
20,157.5169,1,8
34,157.6142,1
21,157.6353,1,8
23,157.6903,1,8
26,157.7569,1,8
25,157.8458,1,8
31,158.0933,1,8
37,158.1169,1
30,158.1322,1,8
29,158.1989,1,8
28,158.2517,1,8
24,158.3908,1,8
25,158.5269,1,8
27,158.5908,1,8
26,158.7856,1,8
28,159.5025,1,8
24,160.2311,1,8
35,160.2547,1
23,160.3339,1,8
26,160.4811,1,8
29,160.5867,1,8
28,160.7922,1,8
24,160.9908,1,8
25,161.1103,1
38,161.2047,1
26,161.2158,1,8
38,161.2653,1
28,161.5744,1,8
30,162.0714,1,8
28,162.2444,1,8
32,162.3478,1,8
25,162.3942,1,8
35,162.6675,1,8
36,162.8014,1
38,162.8275,1,8
21,163.0953,1,8
20,163.2706,1,8
36,163.5583,1
35,163.5917,1
21,163.6925,1
35,163.7931,1,8
29,163.9833,1,8
27,164.0575,1
30,164.0611,1
27,164.15,1
21,164.1586,1
32,164.2061,1,8
11,164.6253,1
34,164.6886,1,8
15,164.8783,1
20,164.9533,1
32,165.335,1
23,165.4439,1,8
17,165.5608,1,8
35,165.6211,1
36,165.73,1
37,165.7494,1
35,165.8739,1
12,165.9828,1
34,165.9875,1,8
34,166.0694,1,8
32,166.1972,1
33,166.2411,1,8
27,166.2819,1
9,166.3069,1
25,166.3686,1
36,166.4636,1,8
25,166.5153,1
36,166.6075,1,8
27,166.6944,1
20,166.7939,1
21,166.8244,1
22,166.8411,1
23,166.8578,1
28,166.9289,1
24,167.0025,1
22,167.1864,1
30,167.2403,1
21,167.2467,1
31,167.2583,1
25,167.8306,1
36,167.98,1
30,168.1797,1,8
31,168.2075,1,8
32,168.3161,1
32,168.4106,1,8
31,168.5344,1
30,168.6061,1,8
16,168.7636,1,8
29,168.8147,1,8
27,168.8508,1,8
29,168.9431,1
17,168.9781,1
20,169.1044,1
32,169.3664,1
22,169.3808,1,8
29,169.44,1,8
29,169.5036,1
25,169.7653,1
24,169.8125,1
23,170.0767,1
28,170.1792,1
27,173.2433,1,8
24,173.9281,1
36,173.9419,1
23,174.0947,1
29,174.1825,1
28,174.2306,1
28,174.4006,1,8
27,174.4028,1
26,174.4417,1,8
17,174.4806,1
27,174.5892,1,8
28,174.6725,1,8
38,174.6847,1
29,174.7211,1,8
37,174.8111,1
20,174.8286,1,8
35,174.8506,1
23,174.88,1,8
34,175.0639,1
27,175.1917,1,8
28,175.4453,1,8
33,175.6619,1
23,175.7089,1
32,175.7581,1,8
30,175.8264,1
28,175.9175,1,8
31,175.9219,1,8
30,176.0033,1
30,176.1825,1,8
20,176.3431,1
21,176.3653,1
23,176.4431,1
28,176.7489,1,8
39,176.8981,1,8
29,177.0989,1,8
30,177.2158,1,8
29,177.3047,1,8
21,179.35,1,8
37,179.5494,1,8
37,179.6022,1,8
36,179.7961,1
28,179.8425,1
37,179.9194,1,8
36,180.0381,1
36,180.3228,1
17,180.7333,1,8
36,180.8331,1
17,180.9311,1,8
31,180.9758,1
25,181.0506,1
25,181.0811,1,8
26,181.2506,1,8
31,181.285,1
25,181.3228,1,8
33,181.4128,1
26,181.4661,1,8
32,181.6442,1,8
33,181.7333,1,8
35,181.9519,1,8
37,182.0983,1
34,182.1275,1,8
33,182.1494,1,8
20,182.3244,1
29,182.3539,1,8
38,182.4092,1
19,182.4306,1,8
38,182.4489,1
20,182.4722,1,8
29,182.6239,1,8
36,182.6725,1
27,182.8725,1
37,182.9853,1
26,183.0031,1,8
30,183.27,1,8
36,183.3769,1
29,183.3842,1
26,183.9656,1,8
24,184.4017,1
24,184.5378,1
32,184.7103,1,8
22,184.7719,1,8
31,185.0111,1
31,185.0547,1,8
29,185.3825,1,8
32,185.4367,1
27,185.4661,1,8
25,185.5031,1,8
24,185.6931,1
28,185.7717,1,8
27,185.8092,1
30,185.8136,1,8
24,186.1103,1,8
28,186.2822,1
23,186.4361,1
28,186.6989,1,8
27,186.8294,1,8
26,187.195,1
25,187.3722,1,8
9,187.4731,1
24,187.5922,1,8
31,187.8875,1,8
10,187.8981,1
36,188.13,1,8
38,188.1828,1,8
40,188.2522,1,8
42,188.2931,1,8
20,188.3467,1
20,188.5525,1
47,188.6506,1,8
42,188.755,1,8
29,188.8067,1
39,188.89,1,8
32,188.9372,1
27,188.9803,1
31,189.2247,1,8
31,189.2386,1
29,189.2733,1
30,189.2831,1,8
23,189.3994,1
26,189.5769,1
29,189.5789,1
30,189.8044,1
26,189.9483,1
22,190.1144,1
28,190.3558,1,8
42,190.3878,1,8
33,190.4067,1
24,190.4292,1
27,190.4697,1,8
28,190.5061,1,8
27,190.7475,1
27,190.8897,1,8
30,190.9861,1
25,191.0147,1
38,191.1133,1
24,191.1228,1
38,191.1458,1
26,191.1675,1
36,191.1878,1
29,191.2925,1
31,191.3669,1
27,191.4397,1
30,191.5708,1
36,191.6325,1
28,191.7094,1,8
29,191.7289,1
37,191.7878,1
33,191.8653,1
32,191.9375,1
29,192.0042,1
28,192.1278,1
25,192.5894,1
35,192.6336,1,8
37,192.6903,1
28,192.7447,1,8
35,193.1911,1,8
36,193.3586,1
36,193.5197,1,8
30,197.9078,1
29,197.9161,1
25,197.9742,1
24,198.0286,1
26,198.0567,1,8
24,198.1175,1
34,198.2008,1
17,198.2675,1,8
27,198.2983,1,8
27,198.3278,1
30,198.3428,1,8
24,198.3603,1
30,198.365,1,8
22,198.3892,1
29,198.3903,1,8
30,198.4014,1,8
19,198.4217,1
10,198.4419,1,8
29,198.4767,1,8
12,198.5036,1
7,198.5244,1,8
27,198.5411,1
5,198.5522,1,8
26,198.5744,1
4,198.5833,1,8
6,198.5867,1
5,198.5975,1
3,198.6625,1
5,198.6975,1,8
7,198.7389,1,8
3,198.8661,1
5,199.0525,1
29,199.2467,1,8
10,199.2997,1
15,199.4403,1,8
10,199.4928,1
20,199.5494,1,8
10,199.6289,1
30,199.7219,1,8
28,199.8747,1,8
22,199.98,1
24,200.0611,1,8
16,200.2286,1
26,200.2492,1
19,200.2656,1,8
20,200.3442,1
17,200.3697,1,8
18,200.3878,1,8
25,200.4225,1
15,200.48,1,8
17,200.4989,1,8
18,200.5267,1,8
32,200.5294,1
19,200.5794,1,8
35,200.5981,1
24,200.7744,1,8
29,200.9131,1,8
36,200.9361,1
30,201.1792,1
37,201.2267,1
35,201.3942,1
31,201.9086,1,8
35,202.0019,1,8
19,202.1333,1
33,203.1194,1,8
14,203.6033,1,8
17,203.6681,1,8
23,203.74,1
15,203.8794,1,8
33,204.0628,1
30,204.0647,1
15,204.0908,1,8
34,204.1875,1
24,204.2594,1
25,204.2761,1
16,204.3019,1,8
28,204.345,1
23,204.3819,1
24,204.4064,1
24,204.4436,1
18,204.5028,1,8
16,204.5203,1
17,204.5883,1,8
13,204.6342,1
21,204.655,1,8
26,204.9186,1
17,205.1422,1,8
25,205.2408,1
18,205.2992,1
26,205.3461,1,8
27,205.4239,1,8
22,205.5964,1
31,205.6775,1,8
28,205.8072,1,8
29,205.8533,1,8
27,205.9397,1
30,206.0897,1,8
31,206.1036,1
34,206.2203,1,8
36,206.3917,1,8
30,206.4347,1
22,206.5736,1
20,206.6072,1
18,206.6572,1
35,206.7186,1,8
20,206.7406,1
33,206.7442,1,8
35,206.9189,1,8
29,207.3461,1,8
28,207.5156,1,8
34,208.2461,1,8
35,208.3447,1
21,208.3589,1
25,208.3806,1,8
30,208.5578,1,8
31,208.6344,1,8
26,208.8447,1,8
31,208.8661,1
22,208.8772,1,8
25,208.8919,1,8
20,208.9483,1,8
22,209.1597,1
24,209.1811,1,8
17,209.2581,1,8
16,209.3575,1,8
27,209.4044,1
22,209.435,1
26,209.4922,1,8
6,209.4997,1,8
21,209.5189,1
27,209.5256,1
18,209.5617,1
5,209.5692,1,8
30,209.5894,1
15,209.6528,1
24,209.71,1
31,209.7353,1
30,209.9117,1
18,209.9922,1
6,210.0231,1,8
21,210.0392,1
30,210.0578,1
7,210.0622,1,8
25,210.1061,1
14,210.1842,1,8
30,210.2469,1
31,210.3775,1,8
17,210.4311,1,8
32,210.4442,1,8
36,210.5475,1
20,210.5953,1,8
33,210.6653,1,8
23,210.7297,1,8
35,210.9489,1
27,211.1419,1,8
28,211.1883,1,8
27,211.3339,1
27,211.4211,1
28,211.4489,1
33,211.6703,1,8
33,211.8894,1,8
31,211.9256,1,8
25,212.1006,1,8
19,212.4211,1,8
15,212.5792,1,8
23,212.6075,1,8
14,212.6228,1,8
13,212.6394,1,8
10,212.6864,1,8
9,212.7003,1,8
27,212.9172,1
27,212.9192,1
29,213.0836,1
10,213.1131,1,8
33,213.1519,1
14,213.1686,1,8
38,213.8906,1,8
40,213.9675,1,8
42,214.0731,1,8
42,214.1342,1,8
36,214.2644,1
36,214.4756,1,8
21,214.5067,1
21,214.6222,1
24,214.6944,1
23,214.7583,1
43,214.7892,1
36,214.8072,1,8
44,214.8214,1
43,214.9553,1
37,215.0481,1,8
38,215.0942,1
36,215.1172,1,8
36,215.1533,1
35,215.1894,1
37,215.3617,1,8
39,215.4558,1,8
26,215.5236,1
