18,0.1783,7,2
15,0.2164,7,2
22,0.3361,2
16,0.3639,7,2
27,1.0828,2
19,1.2236,2
28,1.3681,2
15,1.3731,7,2
16,1.4675,7,2
2,1.5964,2
15,1.8819,7,2
2,2.3183,2
4,2.51,2
6,2.7267,2
27,3.0033,7,2
14,3.0458,2
28,3.3778,7,2
24,3.5472,7,2
25,3.5778,7,2
21,3.8433,2
26,3.9306,7,2
15,3.9628,2
34,4.4097,2
31,4.5253,2
30,4.5742,2
29,4.5936,2
28,4.6131,2
27,4.6461,2
27,4.6558,2
40,4.9342,2
26,5.0186,2
39,5.0208,2
26,5.0519,2
37,5.1989,2
26,5.5633,2
23,6.8517,2
31,7.1425,2
27,7.1603,2
28,7.1958,7,2
32,7.3892,2
29,7.6381,7,2
30,7.6792,7,2
24,7.9233,2
30,8.0725,2
29,8.1192,2
28,8.1267,2
27,8.1969,2
29,8.2375,7,2
11,8.29,2
27,8.3075,7,2
26,8.3514,7,2
25,8.6656,7,2
12,8.8644,2
24,9.1242,7,2
21,9.3225,2
20,9.3992,2
25,9.4022,7,2
8,9.5608,2
26,9.8608,7,2
26,10.0583,7,2
4,10.1014,2
20,10.1906,2
1,10.2597,2
0,10.4014,2
4,12.6875,2
6,12.7292,2
8,12.7792,2
11,12.9044,2
33,12.9139,2
14,12.9711,2
32,12.9797,7,2
30,13.0511,7,2
29,13.14,7,2
31,13.2931,7,2
32,13.3375,7,2
20,13.4556,2
31,13.5161,7,2
29,13.9692,7,2
34,14.0994,2
35,14.1911,2
30,14.2681,7,2
31,14.3897,7,2
28,14.465,2
30,14.6408,7,2
35,14.9608,7,2
22,15.3728,2
34,15.4672,2
28,15.8728,7,2
26,16.0494,7,2
25,16.1633,7,2
27,16.3339,2
25,17.0547,2
26,17.2553,2
17,17.4547,7,2
16,17.8717,7,2
13,19.1381,7,2
11,19.3339,7,2
13,19.3967,7,2
14,19.4619,7,2
30,19.8317,2
27,48.1711,7,2
25,48.2017,7,2
12,48.29,2
24,48.3267,7,2
23,48.3517,7,2
24,48.3683,7,2
25,48.3908,7,2
26,48.4047,7,2
25,48.4269,7,2
34,48.6047,7,2
16,48.6844,2
34,48.8364,7,2
35,48.8833,7,2
24,49.1342,2
34,49.1753,7,2
35,49.2036,7,2
19,49.3317,2
17,49.4042,2
20,49.4231,2
14,49.4792,2
34,50.0425,7,2
11,50.1975,2
36,50.2842,7,2
35,50.3706,7,2
22,50.3892,2
34,50.4469,7,2
33,50.5081,7,2
26,50.5672,2
34,50.655,7,2
33,50.6747,7,2
33,51.0356,2
32,51.6311,7,2
27,51.8894,7,2
29,51.9664,2
28,52.2006,7,2
30,52.5147,7,2
35,52.6142,7,2
34,52.6831,7,2
29,53.9031,7,2
30,53.9614,7,2
31,54.0114,7,2
18,55.0458,2
31,55.1131,7,2
23,55.3058,2
17,55.3406,2
34,55.4533,7,2
35,55.565,7,2
35,56.3078,7,2
36,56.5353,7,2
19,57.3131,2
25,57.4892,2
26,57.5056,2
29,57.5639,2
31,57.5719,7,2
30,57.6319,7,2
30,57.8069,7,2
30,58.2214,7,2
31,58.4106,7,2
32,58.455,7,2
36,58.5397,7,2
38,58.6467,7,2
30,58.7406,2
16,58.7511,2
27,58.785,2
29,58.9536,2
36,59.3386,7,2
37,59.44,7,2
33,59.6994,7,2
21,59.7786,2
32,59.7858,7,2
31,59.8667,7,2
30,60.1714,7,2
27,60.2269,7,2
39,61.0017,2
41,61.0989,2
19,61.1578,7,2
20,61.3164,7,2
24,61.4833,2
37,61.5042,2
21,61.54,7,2
22,61.64,7,2
34,61.685,2
34,61.9019,2
22,62.0992,7,2
19,62.4683,2
28,62.6011,2
23,62.6244,7,2
25,62.7328,7,2
26,63.0608,7,2
27,63.1136,7,2
28,63.1831,7,2
18,63.3375,2
28,63.3642,7,2
17,63.4403,2
25,63.5617,7,2
15,63.8536,2
31,64.1133,7,2
11,64.2628,2
14,64.4614,2
41,65.1122,7,2
17,65.4461,2
14,65.5656,2
11,65.6111,2
9,65.6389,2
8,65.6606,2
5,65.7294,2
17,65.7378,2
15,65.8044,2
10,66.0214,2
6,66.1367,2
13,66.2483,2
15,66.3483,2
10,66.5083,2
10,66.725,2
30,66.7586,7,2
28,66.8058,7,2
5,66.8336,2
4,66.8419,2
2,67.1839,2
26,67.245,7,2
27,67.3203,7,2
16,67.3597,2
16,67.3903,2
17,67.4339,2
26,67.4675,7,2
26,67.5203,7,2
25,67.5508,7,2
24,67.5731,7,2
15,67.7369,2
16,67.8653,2
27,67.9331,2
17,68.1911,2
25,68.3631,2
16,68.4106,2
17,68.4217,2
21,68.4797,2
16,68.4997,2
24,68.6678,2
26,68.6956,2
27,68.715,2
28,68.8972,2
29,69.3678,2
31,69.4986,2
32,69.7364,2
26,69.8628,2
28,70.1514,2
29,70.1875,2
23,70.2647,7,2
25,70.3147,7,2
26,70.3481,7,2
25,70.3564,7,2
24,70.4092,7,2
25,70.4703,7,2
24,70.4842,7,2
26,70.5878,2
28,70.6586,7,2
29,70.6708,7,2
28,70.8217,7,2
21,70.8594,2
20,70.8733,2
16,70.9233,2
15,70.9706,2
28,71.0217,7,2
27,71.155,7,2
26,71.1861,7,2
24,71.2167,7,2
25,71.2417,7,2
24,71.2889,7,2
25,71.3306,7,2
25,71.3694,7,2
21,71.3972,2
24,71.4111,7,2
23,71.4869,2
23,71.4947,7,2
10,71.5625,2
20,71.6058,7,2
19,71.6225,7,2
16,71.6669,7,2
14,71.7181,2
15,71.7197,2
17,71.8164,2
15,71.8661,7,2
16,71.9417,7,2
16,71.9858,2
12,72.1489,2
18,72.1694,7,2
19,72.25,7,2
21,72.2972,7,2
24,72.3333,7,2
25,72.3472,7,2
27,72.3778,7,2
27,72.4194,7,2
10,72.6058,2
27,72.6475,7,2
19,72.7122,2
16,72.7272,2
19,72.7764,2
20,72.8128,2
24,72.8628,2
28,72.9114,2
33,72.9786,2
37,73.1564,2
25,73.8478,7,2
24,74.0442,2
26,75.0675,7,2
36,75.1961,2
26,75.2342,7,2
27,75.6242,2
38,75.8992,2
37,75.9547,2
36,76.0297,2
35,76.1406,2
24,76.3569,2
36,76.4258,2
37,76.4397,2
37,76.6539,2
31,76.8567,2
23,77.1914,2
29,78.0094,7,2
24,78.1456,7,2
21,78.19,7,2
20,78.2039,7,2
17,78.2706,7,2
27,78.4303,2
28,78.4553,2
7,78.5803,2
9,78.6219,2
11,78.7328,7,2
10,78.7578,7,2
11,78.8525,7,2
14,78.9744,2
13,79.0581,7,2
19,79.1886,2
14,79.2831,7,2
13,79.2858,7,2
5,79.3719,2
12,79.4586,7,2
2,79.4969,2
13,79.5447,7,2
2,82.1514,2
3,82.1597,2
8,82.2597,2
9,82.2931,2
12,82.3764,2
16,82.4992,2
36,82.5875,7,2
12,82.5986,2
33,82.7625,7,2
7,82.8983,2
10,83.0156,2
11,83.0539,2
12,83.1067,2
29,83.1322,7,2
14,83.1728,2
28,83.2158,7,2
17,83.2789,2
27,83.2942,7,2
26,83.4442,7,2
25,83.4969,7,2
25,83.7972,7,2
15,83.9289,2
16,83.9833,2
28,84.3647,7,2
18,84.3853,2
29,84.4003,7,2
29,84.4419,7,2
26,84.6467,7,2
21,84.7236,2
27,84.7383,7,2
23,84.7822,2
28,84.7883,7,2
26,84.9806,7,2
25,85.0278,7,2
26,85.175,7,2
12,85.4144,2
17,85.72,2
13,85.8144,2
17,86.1828,7,2
16,86.1958,7,2
22,86.2958,2
18,86.4161,2
22,86.4744,2
27,86.6017,2
13,86.7406,7,2
36,86.9322,2
15,87.2831,7,2
17,87.2942,2
21,87.5567,7,2
22,87.5872,7,2
23,87.6817,7,2
25,87.7428,7,2
25,88.4931,2
18,88.5906,7,2
14,89.1286,7,2
26,89.3533,2
16,89.9011,7,2
15,90.0358,7,2
14,90.1206,7,2
22,90.4928,7,2
24,90.5661,2
23,90.5844,7,2
22,90.7111,7,2
18,90.7661,2
21,90.7947,7,2
12,90.8494,2
20,90.8725,7,2
21,90.8919,7,2
7,90.9578,2
22,90.9633,7,2
1,91.0994,2
0,91.1244,2
7,92.0367,2
8,92.0867,2
8,92.125,2
9,92.1997,2
7,92.4086,2
4,92.6158,2
11,92.8092,2
5,93.1897,2
10,93.2814,2
13,93.3247,2
15,93.3497,2
16,93.3867,2
17,93.4044,2
16,93.4486,2
17,93.4619,2
19,93.4897,2
20,93.5092,2
20,93.5639,2
21,93.6231,2
22,93.6917,2
23,93.7794,2
26,93.8931,2
29,94.1556,2
27,94.2333,2
27,94.4628,2
21,94.6925,2
13,94.8347,2
37,96.3967,2
36,96.4217,2
35,96.4675,2
27,96.5708,7,2
30,99.1897,2
25,99.2928,2
31,99.3267,7,2
34,99.3581,2
23,99.3844,2
30,99.3878,7,2
30,99.4169,2
29,99.4183,7,2
28,99.435,7,2
20,99.5733,2
28,99.8267,7,2
24,99.8767,7,2
25,99.96,7,2
9,102.6386,7,2
26,102.8253,2
13,102.8722,7,2
25,102.9808,2
17,103.3081,7,2
27,103.3761,2
17,103.3819,2
14,103.695,7,2
27,104.265,2
4,104.3658,7,2
22,104.4233,2
5,104.4492,7,2
20,104.465,2
17,105.3367,2
1,106.9739,2
21,107.0425,7,2
10,107.2572,2
14,107.2786,7,2
13,107.3508,7,2
14,107.6133,7,2
16,107.7128,2
15,107.7258,7,2
16,107.79,7,2
19,107.8317,7,2
20,107.9372,7,2
24,108.2517,7,2
25,108.2933,7,2
28,108.5103,7,2
23,108.7681,2
36,108.8142,2
33,109.0003,2
24,109.425,7,2
16,109.5333,7,2
14,109.5914,7,2
5,109.7781,7,2
30,109.8369,2
10,110.1258,7,2
12,110.3178,7,2
27,110.4022,2
27,110.5272,2
18,110.6786,7,2
22,110.8817,7,2
27,111.1011,7,2
21,111.1722,2
26,111.2014,7,2
18,111.2389,2
25,111.3047,7,2
24,111.3575,7,2
16,111.5072,2
26,111.5297,7,2
28,111.5714,7,2
30,111.6889,2
26,111.7519,7,2
25,111.8164,7,2
24,112.4186,7,2
27,112.5594,2
26,112.6081,2
28,112.6242,7,2
22,112.7461,2
28,112.8619,7,2
29,113.1547,7,2
26,113.3914,2
29,113.4411,2
30,113.4772,2
29,113.5683,7,2
29,113.6686,7,2
27,113.7072,7,2
26,113.91,7,2
19,113.9642,2
25,113.9911,7,2
30,115.1231,2
30,115.1481,2
35,115.3294,2
39,115.7689,2
27,115.8517,7,2
28,116.0433,7,2
29,116.1103,7,2
32,116.1336,2
39,116.1794,2
37,116.2836,2
38,116.4233,2
31,118.5192,2
19,118.5392,7,2
22,118.5842,7,2
26,118.6406,7,2
28,118.7644,7,2
27,118.795,7,2
25,118.8411,2
28,118.92,7,2
28,119.0539,7,2
27,119.1903,7,2
20,119.2128,2
36,119.2464,2
28,119.4167,7,2
28,119.6003,7,2
32,119.7853,2
21,119.9469,2
19,119.9664,2
7,120.1461,2
6,120.1517,2
5,120.1786,2
4,120.1872,2
27,120.2319,7,2
12,120.2603,2
28,120.4294,7,2
7,120.4436,2
5,120.5019,2
4,120.5103,2
2,120.6253,2
0,120.7586,2
3,124.1256,2
6,124.2172,2
26,124.3419,7,2
8,124.4172,2
25,124.6003,7,2
26,124.6308,7,2
16,124.6903,2
33,124.8681,2
29,125.0564,2
22,125.2058,2
27,125.2922,7,2
27,125.4344,2
26,125.4456,2
20,125.6342,2
26,125.8983,7,2
27,126.3094,7,2
24,127.6628,7,2
23,128.0044,7,2
27,129.6081,7,2
35,129.8386,2
32,130.3078,7,2
20,131.0706,7,2
16,131.2981,7,2
27,131.6039,2
29,131.7956,2
49,132.1197,2
48,132.2517,2
49,132.3433,2
30,132.6156,2
31,132.73,2
32,132.7856,2
15,132.8792,7,2
15,133.1208,7,2
28,133.2603,2
14,133.3544,7,2
15,133.5572,7,2
16,133.6656,7,2
17,133.7044,7,2
23,133.8778,7,2
27,134.1,7,2
26,134.1861,7,2
27,134.595,7,2
24,135.2192,7,2
23,135.3761,2
37,135.3858,2
38,135.8269,2
38,135.9081,2
35,136.2233,2
33,136.5428,7,2
34,137.0339,7,2
25,137.1661,2
35,137.2628,7,2
36,137.3036,7,2
34,137.6303,7,2
33,137.6664,7,2
34,137.9725,2
20,138.1825,7,2
17,138.2158,7,2
15,138.2658,7,2
11,138.5053,7,2
33,138.6819,2
32,138.7264,2
31,138.7542,2
6,139.1333,7,2
28,139.3,2
27,139.575,2
28,139.9281,2
27,140.1753,2
29,140.3269,2
22,140.395,2
30,140.4381,2
22,140.8197,7,2
25,140.9269,7,2
28,141.1719,7,2
31,141.2286,2
30,141.3919,7,2
32,141.5678,2
25,141.9458,2
23,142.1164,2
23,142.1803,2
27,142.2686,7,2
26,142.3542,2
23,142.3553,2
25,142.4414,2
29,142.7186,7,2
31,142.9531,2
32,142.9864,2
29,143.6983,7,2
20,143.7747,2
37,143.8572,2
29,144.2181,7,2
40,144.2931,2
39,144.3097,2
38,144.3525,2
28,144.4014,7,2
27,144.4794,7,2
28,144.5533,7,2
28,144.6336,7,2
27,144.7006,7,2
28,144.8283,7,2
29,144.9478,2
40,145.0458,2
32,145.2175,7,2
37,145.3036,7,2
39,145.3397,7,2
28,145.4656,2
38,145.4775,7,2
36,145.5081,7,2
39,146.1625,2
41,146.3092,2
40,146.3367,2
33,146.5292,7,2
31,146.6461,7,2
27,146.7314,7,2
31,147.0203,2
25,147.2217,2
28,147.2256,7,2
25,147.3672,7,2
26,147.5328,7,2
31,147.7033,2
28,147.9086,2
28,147.99,2
27,148.3994,2
29,148.5481,2
26,148.705,2
25,148.7217,2
21,148.7906,2
20,148.8136,2
40,148.9147,2
25,149.2661,7,2
26,149.2828,7,2
32,149.4239,2
27,149.8039,7,2
31,150.1181,7,2
17,150.4411,2
16,150.5106,2
18,150.8331,2
18,151.1344,2
23,151.1922,2
19,151.2208,2
20,151.2478,2
20,151.3089,2
19,151.3533,2
32,152.0853,7,2
31,152.1494,7,2
30,152.1967,7,2
30,152.4475,7,2
29,152.5314,7,2
24,152.7592,7,2
20,152.8231,2
25,152.8258,7,2
23,153.0969,7,2
13,153.1972,2
16,153.2597,2
23,153.3058,7,2
19,153.505,7,2
21,153.8275,7,2
32,154.5897,7,2
29,155.0197,7,2
31,155.0744,2
36,155.2511,2
30,155.4006,7,2
29,155.4339,7,2
22,155.5447,2
30,155.5536,7,2
17,155.6031,2
31,155.6175,7,2
10,155.7197,2
34,155.7481,7,2
8,155.7697,2
3,157.4906,2
21,157.5083,2
20,157.5169,2
6,157.5489,2
21,157.6353,2
11,157.6489,2
23,157.6903,2
24,157.7042,2
25,157.7319,2
26,157.7569,2
25,157.8458,2
25,157.8847,2
28,158.2517,7,2
24,158.3908,7,2
21,158.4842,2
27,158.5908,2
27,158.8467,7,2
27,158.92,2
30,159.0578,7,2
31,159.2272,7,2
24,159.3192,2
30,159.3219,7,2
29,159.3497,7,2
28,159.5025,7,2
26,159.6025,7,2
27,159.6222,7,2
25,159.9028,7,2
28,160.4308,2
28,160.7922,2
27,160.8867,2
25,161.1103,7,2
26,161.2158,7,2
28,161.5744,7,2
33,161.9597,2
30,162.0714,7,2
22,162.1258,2
31,162.1297,7,2
30,162.1589,2
28,162.2444,2
27,162.3333,2
24,162.4497,2
38,162.8275,7,2
17,162.9419,2
21,163.0953,2
20,163.2706,2
18,163.4622,2
38,163.4944,7,2
37,163.5222,7,2
36,163.5583,7,2
35,163.5917,7,2
21,163.6925,2
34,163.7403,7,2
35,163.7931,7,2
29,163.9833,7,2
30,164.0611,7,2
30,164.2558,7,2
29,164.3003,7,2
30,164.3058,7,2
31,164.3672,7,2
30,164.4425,7,2
13,165.8325,7,2
12,165.9828,7,2
25,167.8306,2
13,167.8344,2
6,167.8606,7,2
8,167.8856,7,2
11,167.9372,7,2
13,167.9578,7,2
12,168.1414,2
28,168.1436,7,2
30,168.1797,7,2
9,168.2164,2
15,168.3217,2
14,168.3494,2
27,168.8508,7,2
17,168.9781,2
28,169.0425,7,2
20,169.1044,2
22,169.3808,2
27,169.6414,7,2
28,170.1792,7,2
27,170.3708,7,2
21,170.4856,2
26,170.5264,7,2
23,171.2344,2
27,173.2433,7,2
29,174.1825,7,2
28,174.2306,2
28,174.4006,7,2
27,174.4028,7,2
26,174.4417,7,2
17,174.4806,2
18,174.5517,2
27,174.5892,7,2
19,174.6072,2
28,174.6725,7,2
7,174.6889,2
3,174.7472,2
20,174.8286,2
0,174.8725,2
1,177.6811,2
3,177.7311,2
24,177.7594,7,2
23,177.79,7,2
8,177.8144,2
22,177.8372,7,2
21,177.8706,7,2
20,177.8983,7,2
19,177.9233,7,2
18,177.9817,7,2
17,178.0233,7,2
16,178.0539,7,2
21,178.5417,7,2
25,181.0506,7,2
34,182.1275,7,2
20,182.4722,2
24,182.5356,2
26,182.5661,2
29,182.6239,2
31,182.7683,2
28,182.8419,7,2
27,182.8725,7,2
29,183.3842,7,2
28,183.4678,7,2
26,183.5956,7,2
25,183.9294,7,2
26,183.9656,7,2
29,184.4658,7,2
31,185.0547,7,2
22,185.0753,2
27,185.4661,7,2
27,185.5356,7,2
24,185.6931,2
26,185.7278,2
25,185.7361,2
30,185.8136,7,2
24,186.1103,2
26,186.4375,2
29,186.5378,7,2
22,186.5608,2
28,186.5628,7,2
28,186.6989,7,2
27,186.8294,7,2
18,186.9275,2
31,187.1064,2
26,187.2808,7,2
27,187.3192,2
25,187.3722,7,2
9,187.4731,2
24,187.5922,7,2
10,187.8981,2
11,187.9564,2
36,188.13,2
38,188.1828,2
39,188.1861,2
40,188.2522,2
42,188.2931,2
44,188.3286,2
47,188.6506,2
42,188.755,2
39,188.89,2
27,188.9803,2
38,189.005,2
37,189.1114,2
24,189.1553,2
36,189.1925,2
31,189.2247,7,2
31,189.2386,7,2
30,189.2831,7,2
29,189.3136,7,2
23,189.3994,2
28,189.6203,7,2
26,189.6981,7,2
26,189.8297,2
27,189.9067,7,2
26,189.9483,7,2
27,190.2736,7,2
39,190.3519,2
29,190.5311,7,2
27,190.7475,2
43,190.7542,2
42,190.7764,2
28,190.8425,7,2
25,191.0147,7,2
24,191.1228,2
26,191.1675,7,2
29,191.2925,7,2
28,191.4175,7,2
27,191.4397,7,2
28,191.7094,7,2
29,191.7289,7,2
28,192.1278,7,2
29,192.1528,7,2
30,192.2864,7,2
28,192.3558,7,2
27,192.4253,7,2
32,192.4953,2
35,192.6336,2
26,192.8894,7,2
29,192.9464,2
35,193.1911,2
36,193.5197,2
37,193.5392,2
17,198.2675,2
27,198.5411,2
26,198.5744,2
31,198.6406,7,2
5,198.6975,2
29,199.2467,7,2
28,199.8747,7,2
27,199.8942,7,2
22,199.98,2
26,199.9972,7,2
15,200.48,2
12,200.9819,2
30,201.0975,7,2
30,201.1792,7,2
35,201.3942,7,2
27,201.8486,2
31,201.9086,2
34,202.0478,7,2
29,202.1589,7,2
26,202.6347,2
27,202.9181,7,2
29,203.3083,7,2
23,203.4306,7,2
19,203.5031,7,2
17,203.6681,7,2
16,203.7461,7,2
15,203.785,7,2
31,203.8272,2
14,203.8542,7,2
15,203.8794,7,2
30,204.0647,2
15,204.0908,2
16,204.3019,7,2
27,205.4239,7,2
31,205.6775,2
28,205.8072,7,2
29,205.8533,7,2
30,206.0897,7,2
31,206.1036,7,2
36,206.3917,7,2
22,206.5736,2
35,206.5847,7,2
20,206.6072,2
34,206.6244,7,2
18,206.6572,2
35,206.7186,2
20,206.7406,2
33,206.7442,7,2
35,206.9189,2
31,206.9483,7,2
30,206.9706,7,2
29,206.9956,7,2
28,207.0122,7,2
27,207.3017,7,2
28,207.31,7,2
29,207.3461,7,2
28,207.5156,7,2
27,207.5683,7,2
28,207.6158,7,2
29,207.6353,7,2
30,207.6519,7,2
29,207.7661,7,2
27,207.9414,7,2
27,208.5222,7,2
31,208.6344,2
26,208.8447,7,2
20,208.9483,2
26,208.9697,7,2
25,209.0392,7,2
17,209.2581,2
16,209.3575,2
27,209.5256,7,2
30,209.5894,7,2
31,209.7353,7,2
30,209.9117,7,2
30,210.0578,7,2
14,210.1842,2
27,211.1419,2
28,211.1883,2
27,211.3339,2
29,211.3622,2
25,211.5728,2
28,211.5872,2
33,211.6703,2
33,211.8894,2
31,211.9256,7,2
14,215.0414,7,2
13,215.0969,7,2
11,215.1969,7,2
12,215.2375,7,2
13,215.2889,7,2
37,215.3617,2
37,215.3894,2
39,215.4558,2
26,215.5236,2
38,215.5336,2
37,215.5856,2
36,215.8903,2
