27,0.0017
37,6.1631
35,7.8817
26,7.9758
28,8.4569
23,8.6106
33,8.6306
25,8.6656
30,8.7694
14,9.1139
10,9.3694
8,9.5608
26,9.8608
26,10.0583
33,12.1419
18,12.1844
29,12.2514
23,12.3722
33,12.5844
35,12.6242
32,12.8803
11,12.9044
30,13.0511
27,13.2367
31,13.2931
32,13.3375
31,13.5161
34,13.7056
24,13.8986
38,13.9275
34,14.0994
23,14.6244
35,14.9103
35,14.9608
22,15.3728
24,15.4178
25,15.4417
15,48.1464
28,52.2006
26,52.4636
25,52.485
30,52.5147
34,52.6831
30,54.9544
18,55.0458
31,55.1131
23,55.1606
29,55.2453
23,55.3058
32,55.6839
16,55.8019
18,55.9153
34,56.2014
29,56.2689
18,56.2978
23,56.3903
25,56.4867
22,56.5292
36,56.5353
38,56.5747
29,57.1689
31,57.2211
19,57.3131
25,57.4892
30,57.6319
12,57.6767
30,57.8069
29,57.8436
25,57.9092
21,57.9525
29,58.9536
37,59.2692
26,59.2969
29,59.3358
8,59.3919
37,59.44
26,59.6389
27,59.6525
7,59.6669
28,59.6689
21,59.7786
32,59.7858
31,59.8244
32,59.8356
32,59.9025
38,60.0517
32,60.155
24,60.1858
23,60.1914
27,60.2269
29,60.2636
27,60.3747
26,60.4417
15,60.4489
18,60.5097
39,60.5519
24,60.5614
23,60.5892
19,60.6125
35,60.6633
22,60.7661
31,60.8186
24,60.9567
39,61.0017
41,61.0989
23,61.1136
21,61.1161
19,61.1578
18,61.28
19,61.5767
37,65.7728
28,66.0025
35,66.0358
30,66.0386
33,66.125
6,66.1367
13,66.2383
23,77.1914
15,78.5494
14,78.6689
12,79.6503
12,79.7697
24,79.8542
17,80.03
15,80.0517
16,80.1717
18,80.2097
35,80.7553
21,80.7917
3,80.9533
25,81.185
23,81.2294
22,81.2406
25,81.5106
12,82.3764
37,82.4
16,82.4992
36,82.5875
12,82.5986
35,82.7267
34,82.8394
35,82.9061
10,83.0156
28,83.2158
17,83.2789
20,83.7256
27,84.0919
15,84.1428
16,84.2261
24,84.2403
23,84.2703
30,84.2875
33,84.5658
25,84.5781
22,84.7094
19,84.9681
26,84.9806
25,85.0722
16,85.1528
26,85.175
25,85.2197
22,85.2497
11,85.2569
24,85.2783
8,85.3111
7,85.4111
23,85.46
20,85.9125
18,85.9572
17,86.1828
16,86.1958
22,86.2958
11,86.3158
18,86.4161
22,86.4744
39,86.5381
40,86.5633
27,86.6017
13,87.0033
40,87.0256
13,87.1958
36,87.28
10,87.4
24,102.7489
26,102.8253
13,102.8278
13,102.8722
25,102.9808
23,103.0317
22,103.1231
34,103.1403
15,103.1694
23,103.2683
17,103.3081
17,103.3819
24,103.4267
25,103.46
34,103.4611
6,103.4867
8,103.5283
25,103.6192
32,103.8456
26,104.0006
24,104.0019
25,104.0186
26,104.0469
27,104.0633
28,104.0744
11,104.1578
25,104.1886
26,104.2053
17,104.2192
36,104.3508
34,104.4222
22,104.4233
20,104.465
31,104.5167
30,104.5389
32,104.5411
28,104.5867
31,104.6011
30,104.6289
30,104.7061
17,104.9683
23,105.105
22,105.1383
16,105.1975
15,105.2475
28,105.4456
34,105.4686
19,105.5664
16,105.5933
6,105.6272
13,105.7219
11,105.8108
21,105.8717
22,105.8883
36,106.6872
27,106.8283
31,106.9344
24,106.9542
28,106.9564
21,107.0425
37,107.1514
33,107.1997
37,107.2711
40,107.4322
41,107.4822
16,107.7128
15,107.7258
19,107.8317
7,108.1317
25,108.2933
26,108.3908
8,108.3942
28,108.5103
7,108.715
35,108.9886
21,109.4722
16,109.5333
10,109.6503
35,109.7378
31,109.8231
10,110.1258
35,110.1492
3,110.1861
19,110.7836
22,110.8817
24,110.9511
27,111.0161
27,111.1011
24,111.3575
16,111.5072
25,111.8164
25,112.385
17,112.3939
27,112.4825
23,112.5039
14,112.5106
24,112.5261
23,112.5428
13,112.5517
27,112.5594
19,112.5761
18,112.5928
26,112.6081
28,112.6242
10,112.6417
12,112.6539
25,112.6567
9,112.6708
11,112.6761
8,112.6917
23,112.7147
5,112.7372
22,112.7461
4,112.8094
2,112.9208
3,112.9319
2,112.9486
22,113.0242
4,113.0656
5,113.1044
4,113.2544
2,113.31
23,113.3428
1,113.4047
2,113.4103
1,113.4269
0,113.4492
8,115.1003
9,115.2544
10,115.2628
8,115.3031
9,115.6014
29,115.6578
12,115.7564
28,115.8089
27,115.8517
15,115.9456
16,115.9789
28,116.0328
29,116.1103
32,116.1336
22,116.1661
39,116.1794
24,116.2108
39,116.2633
31,118.5192
20,125.6342
26,125.8875
31,125.8939
26,125.8983
25,126.01
24,126.0561
29,126.0661
30,126.6928
35,126.8272
25,126.8733
24,127.0181
22,127.0969
23,127.1514
33,127.1939
23,127.2608
25,127.3042
26,127.3331
24,127.3794
7,127.4078
24,127.9239
35,127.9875
20,128.1853
23,128.3239
22,128.3572
23,128.3628
34,128.4058
36,128.5703
17,128.6744
18,128.6994
24,128.7686
35,128.7875
24,129.0886
7,129.5539
8,130.3972
29,130.5
33,131.1547
16,131.2981
31,132.0639
24,132.0736
30,132.095
10,132.1597
27,132.235
13,132.3722
6,132.6947
36,132.705
32,132.7856
38,132.9408
28,133.2603
14,133.3544
15,133.435
16,133.6656
5,133.6967
9,133.78
31,134.2797
23,134.3236
8,135.1736
23,135.3761
23,135.5361
37,135.7219
9,136.0031
30,136.0169
35,136.2233
29,136.2531
8,136.37
31,150.37
29,150.4131
35,150.9806
20,151.2478
19,151.3533
24,151.4144
31,151.6736
14,151.7914
32,151.8183
31,151.9353
5,151.9839
31,152.1494
6,152.1883
30,152.1967
29,152.2633
7,152.3756
30,152.4475
24,152.515
8,152.5214
29,152.5314
20,152.8231
18,152.9297
24,153.0939
35,153.1183
13,153.1972
23,153.3058
30,153.3847
23,153.4147
38,153.4175
39,153.4397
41,153.4842
44,153.5286
45,153.5453
14,153.9136
27,155.0669
35,155.1514
36,155.2511
28,155.2947
29,155.4339
22,155.5447
8,155.7697
27,155.8428
11,155.9064
13,155.9481
13,156.1617
34,156.2192
37,156.3242
34,156.85
33,157.2764
36,157.3264
34,157.3514
24,157.4358
24,157.4403
6,157.5489
34,157.6142
11,157.6489
23,157.6903
15,157.8833
31,158.0933
37,158.1169
24,158.3908
25,158.5269
19,158.6603
21,158.6881
26,158.7856
27,158.8881
27,158.92
24,159.3192
24,160.2311
36,160.7314
25,160.9575
24,160.9908
26,161.0514
25,161.0681
25,161.1103
38,161.2653
12,161.5497
29,161.7272
26,161.8072
27,161.8183
28,161.8239
22,161.8747
33,162.0072
34,162.0183
35,162.035
36,162.0461
37,162.0572
38,162.0683
30,162.0714
40,162.0964
41,162.1075
42,162.1186
22,162.1258
31,162.1297
30,162.1589
28,162.2444
27,162.3333
32,162.3478
48,162.3853
35,162.6675
45,163.0803
44,163.1247
41,163.1917
39,163.225
38,163.2417
37,163.2583
20,163.2706
22,163.275
34,163.325
33,163.375
18,163.4622
32,163.4753
21,163.6925
34,163.7403
35,163.7931
33,163.8292
26,163.9017
27,164.0575
27,164.15
7,171.5267
26,171.5881
25,171.5992
26,171.6089
25,171.6269
26,171.6547
25,171.6761
36,171.7658
37,171.8308
26,171.8517
38,171.8683
39,171.8786
40,171.9003
42,171.9581
6,171.9933
42,172.0519
5,172.0786
41,172.1783
40,172.2383
37,172.3214
36,172.3467
20,174.8286
23,174.88
9,174.9594
19,175.5708
22,175.7281
11,175.8503
31,175.9219
30,176.0033
24,176.1344
25,176.1456
30,176.1825
20,176.3431
34,176.4881
30,176.53
29,177.0989
30,177.2158
7,177.2572
34,178.4278
22,178.5597
6,178.6439
27,178.6978
12,178.7217
14,178.755
10,178.9383
27,179.2597
6,179.4519
18,181.9358
35,181.9519
34,182.1275
33,182.1494
20,182.3244
27,182.4469
24,182.5025
26,182.5661
13,182.7669
27,182.8725
22,182.9081
27,182.9139
37,182.9853
20,183.2475
26,183.7656
16,202.0431
26,202.6347
13,202.9125
28,202.995
33,204.0628
15,204.0908
34,204.1875
25,204.2439
24,204.2594
25,204.3375
12,204.4372
2,204.5689
21,204.655
24,204.7161
7,204.8078
30,205.0147
31,205.1058
32,205.1142
33,205.1392
35,205.2058
36,205.2267
25,205.2408
38,205.2683
39,205.2933
18,205.2992
41,205.335
24,205.4564
46,205.51
26,205.5497
22,205.5964
28,205.64
24,205.7289
46,205.7933
28,205.8072
43,205.8808
27,205.9397
31,206.1036
29,206.1989
36,206.3917
18,206.6572
20,206.7406
31,206.9483
27,207.3017
41,207.7464
40,207.7886
8,208.2436
