27,0.0017,8,3
2,0.1469,3
18,0.1783,8,3
0,0.3036,3
6,2.7267,3
2,2.9661,3
3,2.9911,3
14,3.0458,3
6,3.0703,3
7,3.0911,3
9,3.1453,3
10,3.1578,3
11,3.1744,3
12,3.1911,3
13,3.2119,3
14,3.2286,3
15,3.2661,3
16,3.2786,3
17,3.2953,3
18,3.3494,3
28,3.3778,3
20,3.5261,3
24,3.5472,3
21,3.8433,3
17,3.8761,3
16,3.8928,3
15,3.9136,3
26,3.9306,8,3
13,3.9594,3
15,3.9628,3
12,3.9803,3
11,4.0053,3
10,4.0261,3
9,4.0469,3
8,4.0678,3
7,4.1511,3
6,4.4719,3
5,4.5011,3
4,4.5303,3
19,6.5003,8,3
6,6.5886,3
6,6.7011,3
21,6.8072,8,3
26,6.96,8,3
8,7.0931,3
9,7.1222,3
8,7.3181,3
29,7.4628,8,3
8,7.5058,3
9,7.5142,3
8,7.5308,3
29,7.6381,3
30,7.6792,8,3
25,7.7625,3
26,7.9758,3
25,8.0553,3
27,8.1969,8,3
12,8.8644,3
21,9.3225,8,3
27,10.15,8,3
28,10.1972,8,3
7,10.61,3
9,10.9328,3
10,10.9619,3
11,10.9828,3
24,10.9981,3
25,11.0203,3
24,11.0553,8,3
15,11.0886,3
16,11.1094,3
29,11.1147,3
16,11.2169,8,3
31,11.2894,3
30,11.3492,3
25,11.3942,8,3
16,11.525,8,3
15,12.0308,8,3
24,12.0775,3
18,12.1844,3
28,12.2,8,3
23,12.3722,3
15,12.4239,3
20,12.4833,8,3
8,12.7792,3
16,12.8114,3
34,12.8139,3
18,12.8531,3
19,12.8739,3
32,12.8803,8,3
14,12.9711,3
31,13.0008,8,3
30,13.0511,8,3
29,13.14,3
27,13.2367,3
32,13.3375,3
20,13.4556,3
31,13.5161,8,3
34,14.0994,8,3
37,14.2614,3
24,14.3661,3
28,14.465,3
23,14.6244,3
30,14.6408,8,3
35,14.9103,8,3
35,14.9608,8,3
22,15.3728,3
23,15.7669,3
20,15.8253,3
11,15.8656,3
28,15.8728,8,3
9,15.8989,3
8,15.9281,3
7,16.0072,3
8,16.0117,3
26,16.0494,8,3
26,16.255,8,3
27,16.3339,8,3
25,16.5333,8,3
23,16.8647,3
5,16.8681,3
6,16.9139,3
24,16.9825,8,3
24,17.0847,3
24,17.2542,3
22,17.3542,3
16,17.8717,8,3
18,18.0747,3
6,18.2133,3
22,18.2586,3
22,18.4478,8,3
19,18.4667,3
18,18.6317,8,3
16,18.715,8,3
15,18.9547,8,3
13,19.1381,8,3
5,19.2114,3
13,19.3967,3
14,19.4619,8,3
28,19.5594,8,3
20,19.6639,3
21,19.7633,3
9,20.3803,3
26,20.6633,3
6,20.7553,3
26,20.8581,8,3
6,20.9719,3
5,21.0275,3
6,21.2858,3
18,21.5533,8,3
8,21.5983,3
14,21.9781,3
13,22.3539,3
9,22.3861,3
8,22.3986,3
11,22.6497,3
25,22.8003,3
8,22.8403,3
4,22.8653,3
3,22.9028,3
8,22.9503,3
1,22.9819,3
2,23.1361,3
1,23.1653,3
0,23.2311,3
21,23.5836,3
2,23.6175,3
1,23.6425,3
2,23.795,3
19,23.8411,3
15,23.905,3
14,23.9383,3
15,48.1464,3
6,48.1475,3
17,48.1783,8,3
12,48.2464,3
12,48.29,3
2,48.3142,3
1,48.3725,3
0,48.51,3
14,49.4792,3
3,49.585,3
4,49.6183,3
5,49.635,3
6,49.66,3
7,49.685,3
8,49.7058,3
15,49.7222,3
9,49.735,3
10,49.7475,3
11,49.7642,3
12,49.7808,3
13,49.8017,3
15,49.8475,3
16,49.86,3
17,49.8808,3
18,49.9683,3
34,50.0425,8,3
36,50.2842,3
33,50.3261,3
22,50.3892,3
34,50.4469,3
14,50.4742,3
13,50.4992,3
33,50.5081,3
11,50.5492,3
26,50.5672,3
10,50.57,3
9,50.5908,3
8,50.6158,3
7,50.7789,3
8,50.9767,3
8,51.0767,3
7,51.31,3
23,51.3356,3
6,51.7433,3
5,51.7933,3
4,51.8933,3
5,54.4017,3
6,54.5225,3
7,54.5683,3
8,54.6267,3
29,55.0519,8,3
23,55.3058,3
17,55.3406,8,3
10,55.3978,3
11,55.4144,3
12,55.4353,3
34,55.4533,8,3
25,55.4944,3
26,55.5028,3
17,55.5478,3
35,55.565,8,3
32,55.6839,3
16,55.8019,3
24,55.9125,3
34,56.2014,3
17,56.2936,3
18,56.2978,3
17,56.3061,3
35,56.3078,8,3
16,56.6269,3
15,56.7144,3
14,56.7728,3
35,56.9417,8,3
29,57.1689,3
31,57.2211,3
19,57.3131,8,3
34,57.3514,3
25,57.4892,8,3
31,57.5719,8,3
30,57.6319,3
12,57.6767,3
11,57.6972,3
10,57.7097,3
9,57.7264,3
8,57.7381,3
7,57.7697,3
6,57.7981,3
30,57.8069,8,3
5,57.8231,3
3,57.8689,3
2,57.9189,3
3,57.9231,3
21,57.9525,3
15,58.0831,3
5,58.2106,3
6,58.2425,3
5,58.2814,3
6,58.3647,3
7,58.5106,3
8,58.5647,3
9,58.725,3
27,58.785,8,3
7,59.3761,3
8,59.3919,3
7,59.4128,3
8,59.4294,3
7,59.6669,3
6,59.6919,3
4,59.7336,3
3,59.7503,3
21,59.7786,3
2,59.8169,3
1,59.8336,3
0,59.8544,3
1,59.9753,3
2,59.9961,3
3,60.0294,3
4,60.0961,3
5,60.1614,3
15,60.4489,3
18,60.5097,8,3
19,60.6125,8,3
22,60.7661,8,3
19,61.0083,3
18,61.28,3
20,61.3164,8,3
10,61.4089,3
11,61.4256,3
12,61.4464,3
13,61.4797,3
24,61.4833,3
14,61.4881,3
16,61.5297,3
21,61.54,8,3
19,61.5767,3
17,61.6256,3
18,61.6297,3
22,61.64,8,3
29,61.7167,3
24,61.7686,3
33,61.8033,3
25,61.8603,3
34,61.9019,8,3
21,61.9781,8,3
29,62.1669,8,3
20,62.2364,3
19,62.2614,3
18,62.3114,3
17,62.3406,3
16,62.3672,3
19,62.4683,8,3
14,62.5631,3
28,62.6011,3
23,62.6244,8,3
22,62.6633,3
10,62.7078,3
25,62.7328,3
26,62.7664,8,3
26,63.0608,8,3
28,63.3642,8,3
11,63.4131,3
12,63.4339,3
17,63.4403,8,3
26,63.6061,8,3
23,63.7472,3
15,63.8536,8,3
27,64.0106,8,3
9,64.0219,3
10,64.2086,8,3
13,64.4017,8,3
15,64.5697,8,3
18,64.7094,8,3
18,65.2703,8,3
7,65.3275,3
17,65.4017,8,3
14,65.5656,8,3
5,65.7294,8,3
17,65.7378,3
15,65.8044,3
28,66.0025,3
9,66.0758,3
10,66.0842,3
5,66.1172,8,3
6,66.1367,8,3
13,66.2383,3
13,66.2483,8,3
15,66.2883,3
16,66.3217,3
15,66.3483,8,3
18,66.38,3
34,66.4681,8,3
4,66.8419,3
17,66.865,3
25,67.1019,3
15,67.1317,3
27,67.1728,8,3
26,67.245,8,3
27,67.3203,8,3
11,67.3508,3
16,67.3597,8,3
16,67.3903,8,3
25,67.5508,3
24,67.5731,8,3
10,67.6758,3
9,67.7133,3
24,67.7219,3
16,67.8653,8,3
17,68.1911,8,3
16,68.4106,8,3
21,68.4797,3
27,68.715,8,3
12,68.7686,3
13,68.7936,3
14,68.8375,3
28,68.8972,8,3
16,68.9603,3
12,69.0697,3
16,69.085,3
15,69.0936,3
30,69.1139,3
32,69.3031,3
31,69.3308,3
29,69.3678,8,3
9,69.4061,3
16,69.4156,3
28,69.5819,3
7,69.7478,3
6,69.8019,3
5,69.8481,3
26,69.8628,8,3
24,69.9397,3
28,70.1514,8,3
23,70.2647,8,3
12,70.3442,3
27,70.8578,3
27,70.8772,8,3
24,70.9211,3
15,70.9706,8,3
7,70.9939,3
28,71.0217,8,3
27,71.155,3
24,71.2889,8,3
23,71.4869,3
10,71.5625,8,3
15,71.8661,8,3
17,72.1528,8,3
25,72.3472,8,3
27,72.3778,8,3
27,72.4194,8,3
8,72.4661,3
10,72.6058,8,3
16,72.6272,3
28,72.6419,8,3
8,73.3789,3
7,73.4747,3
6,73.6206,3
7,73.6667,3
6,73.7792,3
6,73.7958,3
26,73.8283,8,3
9,73.8917,3
10,73.9125,3
11,73.975,3
12,74.0,3
13,74.025,3
24,74.0442,3
14,74.0542,3
16,74.1,3
17,74.1583,3
35,74.1739,3
6,74.2414,3
14,74.3306,3
13,74.3614,3
12,74.3739,3
11,74.3989,3
10,74.4197,3
9,74.4447,3
8,74.5864,3
7,74.7322,3
8,74.7697,3
7,74.8656,3
26,75.0675,8,3
26,75.2342,8,3
27,75.6242,3
6,75.7947,3
5,75.9133,3
4,76.0464,3
16,77.3383,3
6,77.9978,3
8,78.0564,3
12,78.0986,3
21,78.19,8,3
22,78.2236,3
7,78.3997,8,3
13,78.6911,8,3
11,78.7328,3
7,78.7522,3
10,78.7578,3
2,79.4969,3
17,80.03,8,3
17,80.2494,8,3
10,80.3128,3
17,80.4275,8,3
22,80.5006,3
9,80.6978,3
3,81.3778,3
27,81.6933,8,3
3,82.1597,3
9,82.2931,3
12,82.3764,3
9,82.6347,8,3
6,82.8817,8,3
25,83.4969,3
25,83.7972,8,3
25,83.8883,3
15,83.9289,8,3
16,83.9833,8,3
26,84.0392,8,3
27,84.0919,8,3
15,84.1428,3
16,84.2261,3
28,84.3647,3
28,84.4781,8,3
25,84.5781,8,3
24,84.5972,3
22,84.7094,3
27,84.8431,3
19,84.9681,3
26,84.9806,8,3
25,85.0722,8,3
16,85.1528,3
26,85.175,8,3
14,85.1944,3
13,85.2153,3
25,85.2197,8,3
11,85.2569,3
10,85.2736,3
24,85.2783,8,3
8,85.3111,3
7,85.4111,3
12,85.4144,8,3
23,85.46,8,3
22,85.5267,8,3
18,85.9572,8,3
17,86.1828,8,3
22,86.2958,3
11,86.3158,3
10,86.3408,3
11,86.345,3
22,86.4744,8,3
27,86.6017,8,3
21,86.6475,3
13,86.7406,3
11,86.8044,3
18,86.9119,3
8,86.9161,3
12,87.2125,3
17,87.2942,3
9,87.3083,3
16,87.3442,3
10,87.35,3
9,87.3667,3
10,87.4,3
9,87.4042,3
18,87.4108,8,3
19,87.4581,8,3
21,87.5567,8,3
25,87.805,8,3
8,87.8797,3
15,88.4433,8,3
4,88.4444,3
3,88.4819,3
18,88.5906,8,3
16,88.7342,8,3
17,89.2686,3
26,89.3533,8,3
13,89.3794,8,3
16,89.9011,3
15,90.0358,8,3
14,90.1206,3
26,90.3533,3
22,90.4928,3
7,90.9578,3
1,91.0994,3
8,91.6214,3
22,91.6272,3
21,91.7531,3
5,91.8728,3
20,91.9161,3
8,92.125,3
28,92.2072,3
7,92.4086,8,3
10,92.4378,3
23,92.4431,3
12,92.4753,3
13,92.4961,3
14,92.5169,3
15,92.5419,3
16,92.5628,3
17,92.5836,3
20,92.6042,3
22,92.7333,3
16,93.0506,3
24,93.0583,3
16,93.3867,8,3
17,93.4619,8,3
20,93.5092,8,3
11,93.5506,3
20,93.5639,3
21,93.6231,8,3
21,93.6839,3
26,93.8931,8,3
7,94.0006,3
6,94.1256,3
27,94.2333,8,3
27,94.4628,8,3
27,94.5736,3
21,94.6925,8,3
23,95.0492,3
8,95.12,3
7,95.1658,3
6,95.1908,3
5,95.22,3
9,95.5017,3
11,95.56,3
19,95.6794,3
4,95.7575,3
23,95.8508,3
24,95.9036,3
6,95.9161,3
23,96.0286,3
26,96.1506,3
9,96.4056,3
27,96.5708,8,3
28,96.6369,8,3
23,96.6675,3
29,96.7261,8,3
8,96.7344,3
9,96.7514,3
30,96.7733,8,3
20,97.0342,3
18,97.0619,3
7,97.2511,3
5,97.4056,3
19,97.44,3
6,97.5975,3
5,97.685,3
6,97.6933,3
23,97.7847,3
24,98.2739,3
6,98.335,3
7,98.4392,3
8,98.5967,3
6,98.7272,3
8,98.7308,3
7,98.8561,3
8,99.1144,3
7,99.1564,3
25,99.2928,8,3
5,99.3475,3
20,99.5733,8,3
17,99.6014,3
17,100.2211,8,3
5,100.2353,3
4,100.3019,3
24,100.3283,3
25,102.9808,8,3
17,103.3819,8,3
6,103.4867,3
7,103.4908,3
8,103.5283,3
25,103.6192,3
7,103.8369,8,3
2,103.9258,8,3
2,104.0869,8,3
11,104.1578,3
27,104.1706,3
26,104.2053,3
17,104.2192,8,3
3,104.235,8,3
27,104.265,3
30,104.7061,3
17,104.9683,3
16,105.1975,3
15,105.2475,3
17,105.3367,8,3
34,105.4686,3
16,105.5933,3
6,105.6272,8,3
33,105.7833,3
24,105.9189,8,3
26,105.9475,3
11,106.0056,3
10,106.0153,3
9,106.0356,3
28,106.0467,8,3
7,106.1022,3
6,106.1189,3
5,106.1689,3
6,106.2439,3
24,106.2533,3
27,106.5061,3
28,106.5975,8,3
9,106.6606,3
10,106.6814,3
27,106.8283,8,3
14,107.6133,3
19,107.8317,3
8,107.8733,3
21,108.0153,8,3
7,108.1317,3
8,108.2067,3
24,108.2517,8,3
26,108.3908,8,3
8,108.3942,3
7,108.4067,3
8,108.4442,3
7,108.715,3
6,108.7319,3
23,108.7681,3
4,108.7706,3
3,108.7903,3
2,108.8319,3
1,108.8528,3
0,108.8736,3
10,110.1258,3
2,110.1653,3
3,110.1861,3
5,110.2361,3
6,110.2736,3
7,110.2903,3
8,110.3111,3
12,110.3178,8,3
9,110.4153,3
25,112.385,8,3
17,112.3939,3
22,112.4094,3
17,112.4106,3
24,112.4186,3
17,112.4272,3
26,112.4428,3
16,112.4439,3
26,112.4603,8,3
15,112.4772,3
27,112.4825,8,3
14,112.5106,3
24,112.5261,3
14,112.5272,3
23,112.5428,3
13,112.5517,3
12,112.5542,3
27,112.5594,8,3
19,112.5761,3
18,112.5928,3
26,112.6081,3
28,112.6242,8,3
10,112.6417,3
25,112.6567,8,3
27,112.6631,8,3
9,112.6708,3
11,112.6761,3
9,112.6833,3
8,112.6917,3
23,112.7147,8,3
8,113.8517,3
7,113.86,3
5,113.8781,3
7,113.885,3
6,113.8947,3
7,113.9017,3
26,113.91,8,3
7,113.9142,3
8,113.9433,3
19,113.9642,3
23,114.2964,3
26,114.4633,3
22,114.67,8,3
9,114.7208,3
25,114.7289,8,3
7,114.9667,3
8,115.1003,3
9,115.1419,3
9,115.2544,3
24,115.2589,8,3
10,115.2628,3
9,115.2919,3
10,115.3086,3
9,115.3503,3
25,115.3733,8,3
25,115.5056,3
28,115.8089,8,3
28,116.0814,3
9,116.3647,3
9,116.5522,3
8,116.5814,3
28,116.7408,8,3
7,116.8481,3
23,117.7817,8,3
17,117.8753,8,3
27,118.0108,8,3
28,118.7644,3
7,120.1461,8,3
30,120.1572,3
31,120.5728,3
27,120.5781,3
2,120.6253,3
27,120.6392,3
14,120.6878,3
33,120.6994,3
12,120.7378,3
0,120.7586,3
9,120.8044,3
8,120.8211,3
27,120.8617,3
6,121.2269,3
5,121.2644,3
6,121.2728,3
23,121.2744,3
7,122.0114,3
16,122.4708,8,3
7,122.5867,3
6,122.6158,3
5,122.6575,3
6,122.6992,3
6,122.9992,3
5,123.1117,3
6,123.1619,3
27,123.1864,3
21,123.6981,3
3,124.1256,3
5,124.2078,3
22,124.2911,3
23,127.2608,8,3
26,127.3331,8,3
7,127.4078,3
8,127.4578,3
9,127.4744,3
30,127.4836,3
10,127.5411,3
11,127.5744,3
26,127.6128,8,3
26,127.7572,8,3
9,127.7828,3
8,127.8078,3
24,127.8656,8,3
24,127.9239,8,3
8,128.4244,3
16,128.4933,8,3
24,129.0886,8,3
7,129.5539,3
27,129.6081,8,3
8,129.6181,3
7,130.0472,3
8,130.3972,3
28,130.8278,8,3
26,130.8972,8,3
20,131.0706,8,3
15,131.5653,8,3
14,131.6764,8,3
5,131.83,3
7,131.8375,3
4,131.8508,3
3,131.8758,3
4,131.9142,3
0,131.955,3
3,131.9656,3
1,132.0758,3
9,132.1125,8,3
10,132.1597,3
4,132.21,3
5,132.2447,3
13,132.3722,8,3
26,132.4256,3
6,132.6947,3
5,132.7197,3
4,132.7614,3
15,132.8792,3
5,133.0656,3
15,133.1208,3
6,133.1489,3
7,133.1864,3
7,133.2864,3
14,133.3544,3
15,133.435,8,3
16,133.6656,8,3
5,133.6967,3
6,133.7008,3
17,133.7044,8,3
9,133.78,3
10,133.8133,3
21,133.8183,8,3
23,133.8778,3
12,133.8967,3
13,133.9175,3
14,133.9425,3
25,133.9525,8,3
20,134.0989,3
27,134.1,8,3
22,134.1739,3
26,134.1861,3
24,134.2903,3
23,134.3236,3
36,134.3672,3
32,134.4617,8,3
30,134.5228,8,3
37,134.6892,3
25,134.7839,8,3
26,134.8317,8,3
26,134.9189,8,3
15,134.9586,3
14,134.9878,3
25,134.9994,8,3
9,135.1319,3
8,135.1736,3
24,135.2192,8,3
10,135.4683,3
23,135.5361,8,3
25,135.5889,8,3
26,135.6083,8,3
14,135.6347,3
29,135.6583,8,3
15,135.6597,3
14,135.8056,3
12,135.8533,3
11,135.8656,3
9,136.0031,3
8,136.37,3
7,136.4467,3
6,136.48,3
5,136.5175,3
6,137.2928,3
7,137.3303,3
8,137.3761,3
9,137.4094,3
10,137.4303,3
11,137.5511,3
12,137.6136,3
30,137.7681,8,3
29,137.8678,8,3
9,137.8719,3
10,137.9344,3
9,137.9594,3
16,138.2269,8,3
10,138.2428,3
15,138.2658,8,3
12,138.3942,8,3
11,138.5053,3
9,138.8694,8,3
5,139.0889,3
6,139.1333,3
27,139.575,8,3
10,139.68,3
9,139.7133,3
9,139.8175,3
8,139.8969,3
28,139.9281,8,3
6,140.1719,3
27,140.1753,8,3
5,140.2564,3
3,140.5128,3
7,140.5275,3
7,140.5864,3
9,140.6281,8,3
12,140.6753,8,3
12,140.715,3
13,140.7608,3
22,140.8197,8,3
25,140.9269,8,3
10,141.1125,3
9,141.1417,3
28,141.1719,8,3
8,141.1792,3
7,141.2144,3
24,141.4028,3
5,141.5061,3
4,141.5478,3
3,141.6228,3
2,141.6644,3
1,141.7061,3
1,141.9853,3
2,142.1436,3
1,142.2144,3
0,142.2394,3
1,143.0894,3
2,143.1144,3
3,143.1353,3
4,143.1686,3
5,143.1936,3
6,143.2147,3
7,143.2397,3
8,143.2647,3
30,143.3547,8,3
11,143.4397,3
29,143.4825,8,3
28,143.5761,8,3
29,143.6983,8,3
20,143.7747,3
6,143.8064,3
5,143.8272,3
4,143.8731,3
3,143.9022,3
2,143.9689,3
1,144.0272,3
0,144.1481,3
1,144.6647,3
2,144.6856,3
3,144.7106,3
4,144.7439,3
5,144.7647,3
6,144.7939,3
7,144.8147,3
28,144.8283,8,3
10,144.8856,3
11,144.9022,3
12,144.9189,3
13,144.9356,3
29,144.9478,3
14,144.9522,3
15,145.0356,3
29,145.1703,8,3
31,145.1981,8,3
37,145.3036,3
16,145.4272,3
15,145.4522,3
28,145.4656,3
14,145.4814,3
13,145.5064,3
12,145.5356,3
11,145.5564,3
10,145.5814,3
9,145.6106,3
8,145.6481,3
7,146.2275,3
8,146.2567,3
7,146.2858,3
6,146.4775,3
5,146.61,3
6,146.6581,3
27,146.7314,8,3
8,146.8039,3
9,146.8372,3
10,146.8581,3
10,146.9581,3
11,146.9872,3
31,147.0203,8,3
9,147.1164,3
8,147.1456,3
7,147.1789,3
25,147.2217,3
25,147.3672,8,3
26,147.5328,8,3
8,147.5539,3
7,147.7289,3
6,148.1833,3
5,148.225,3
4,148.2956,3
21,150.1622,3
7,150.2167,3
22,150.3122,3
25,150.5381,3
30,150.6092,8,3
9,150.6872,3
28,150.69,3
18,150.8331,8,3
9,150.8417,3
10,150.85,3
9,150.8875,3
10,150.9,3
8,151.1292,3
18,151.1344,8,3
20,151.3089,3
4,151.3481,3
19,151.3533,8,3
2,151.4106,3
1,151.4314,3
20,151.4483,3
0,151.4522,3
1,151.5647,3
2,151.5856,3
3,151.6106,3
14,151.7914,8,3
5,151.8089,3
6,151.9214,3
5,151.9839,3
6,152.1883,3
7,152.3756,3
8,152.5214,3
7,152.5381,3
8,152.5589,3
9,152.7047,3
30,152.7353,3
24,152.7592,8,3
13,152.8089,3
20,152.8231,3
25,152.8258,8,3
34,152.8692,3
17,152.8964,3
18,152.9297,3
19,152.9631,3
24,153.0939,3
23,153.0969,8,3
35,153.1183,3
13,153.1972,3
24,153.2667,8,3
23,153.3058,8,3
30,153.3847,3
32,153.6186,3
21,153.8275,8,3
14,153.9136,8,3
30,153.95,3
19,154.0481,3
22,154.0586,8,3
24,154.1006,8,3
26,154.1894,8,3
31,154.2767,3
29,154.3561,8,3
32,154.5897,8,3
14,154.6442,3
29,155.0197,8,3
22,155.5447,3
17,155.6031,3
31,155.6175,8,3
9,155.7019,3
10,155.7197,3
27,155.8428,3
11,155.9064,3
12,155.9231,3
13,155.9481,3
17,156.0419,3
18,156.0561,3
19,156.0936,3
20,156.1061,3
35,156.1303,8,3
34,156.2192,8,3
37,156.3242,8,3
33,156.5411,8,3
34,156.7133,8,3
34,156.85,8,3
26,156.9044,8,3
33,157.2764,8,3
9,157.2792,3
8,157.2833,3
7,157.3,3
6,157.3292,3
3,157.4906,3
6,157.5489,3
24,157.7042,8,3
25,157.7319,8,3
26,157.7569,8,3
11,157.7958,3
12,157.8167,3
25,157.8458,8,3
15,157.8833,3
25,157.8847,8,3
17,157.925,3
18,157.9458,3
31,158.0933,8,3
37,158.1169,3
20,158.1767,8,3
29,158.1989,8,3
24,158.3908,8,3
21,158.4842,8,3
25,158.5269,8,3
26,158.5614,8,3
27,158.5908,8,3
18,158.7722,3
26,158.7856,8,3
27,158.8467,8,3
27,158.92,8,3
28,158.9994,8,3
30,159.0578,3
26,159.105,3
15,159.1619,3
16,159.1869,3
15,159.2203,3
31,159.2272,8,3
17,159.2953,3
24,159.3192,3
28,159.5025,8,3
27,159.5331,8,3
26,159.6025,8,3
28,159.6639,8,3
15,159.6911,3
27,159.7056,8,3
26,159.75,8,3
14,159.8356,3
13,159.8606,3
12,159.8897,3
25,159.9028,8,3
8,160.1378,3
24,160.1419,8,3
23,160.3339,8,3
6,160.3669,3
24,160.4394,8,3
5,160.4542,3
26,160.4811,8,3
24,160.9908,8,3
25,161.1103,3
8,161.1628,3
9,161.1711,3
26,161.2158,8,3
11,161.2214,3
13,161.5456,3
12,161.5497,3
28,161.5744,8,3
11,161.5789,3
10,161.5956,3
9,161.6164,3
22,161.8747,3
9,161.9664,3
30,162.0714,8,3
28,162.2444,8,3
27,162.3333,8,3
6,162.3831,3
25,162.3942,8,3
5,162.825,3
17,162.9419,3
21,163.0953,8,3
20,163.2706,8,3
18,163.4622,8,3
8,163.4875,3
21,163.6925,3
6,163.9897,3
7,164.3981,3
8,164.4856,3
9,164.5856,3
11,164.6253,3
9,164.6689,3
15,164.8783,3
20,164.9533,3
25,165.0261,3
7,165.2108,3
8,165.3067,3
7,165.3192,3
17,165.5608,8,3
13,165.8325,3
12,165.9828,3
11,166.0553,3
10,166.1317,3
9,166.14,3
10,166.1442,3
10,166.2014,3
10,166.215,3
25,166.3686,3
10,166.4067,3
11,166.4361,3
25,166.5153,3
6,166.5653,3
11,166.6225,3
10,166.6517,3
27,166.6944,3
23,166.8578,3
28,166.9289,3
22,167.1864,3
4,167.4544,3
5,167.5544,3
6,167.6711,3
5,167.6919,3
4,167.7294,3
3,167.7494,8,3
20,167.8136,3
2,167.8192,3
8,167.8856,3
11,167.9372,8,3
20,169.1044,3
2,169.34,3
3,169.3608,3
22,169.3808,8,3
5,169.415,3
7,169.465,3
8,169.49,3
29,169.5036,3
11,169.625,3
27,169.6414,8,3
13,169.6708,3
14,169.6917,3
15,169.7167,3
25,169.7653,3
24,169.8125,3
14,169.9708,3
13,170.05,3
12,170.0708,3
23,170.0767,3
10,170.1125,3
9,170.1417,3
8,170.1542,3
28,170.1792,3
6,170.4225,3
21,170.4856,3
23,170.9822,3
23,171.2344,3
7,171.5267,3
6,171.9933,3
5,172.0786,3
4,172.1494,3
27,173.2433,8,3
23,174.0947,3
6,174.1744,3
7,174.2078,3
3,174.7472,3
9,174.7803,3
10,174.7969,3
20,174.8286,8,3
23,174.88,8,3
9,174.9594,3
10,174.9719,3
9,175.0094,3
27,175.1917,8,3
13,175.2178,3
14,175.2386,3
26,175.2417,8,3
16,175.2803,3
17,175.2969,3
18,175.3319,3
19,175.3358,3
20,175.3608,3
21,175.3858,3
22,175.4025,3
21,175.4233,3
28,175.4453,8,3
21,175.5069,3
20,175.5306,3
19,175.5708,3
33,175.6619,3
32,175.7581,8,3
30,175.8264,3
28,175.9175,8,3
30,176.0033,3
30,176.1825,8,3
19,176.2569,3
20,176.3431,3
21,176.3653,3
23,176.4431,3
30,176.53,8,3
10,176.6778,3
29,176.7014,8,3
28,176.7489,8,3
8,176.8611,3
7,177.2572,3
6,177.2906,3
5,177.3136,3
4,177.3422,3
3,177.3589,3
2,177.4047,3
1,177.4256,3
0,177.4464,3
1,177.5589,3
1,177.6811,3
3,177.6881,3
23,177.79,3
21,177.8706,3
19,177.9233,8,3
16,178.0539,8,3
21,178.8353,3
10,178.9383,3
9,178.98,3
10,179.1425,3
9,179.1467,3
10,179.155,3
29,179.2167,8,3
21,179.35,8,3
6,179.4519,3
5,179.4636,3
4,179.4803,3
3,179.4928,3
1,179.5678,3
13,179.5822,3
0,179.5925,3
1,181.2986,3
2,181.3194,3
3,181.3403,3
4,181.3778,3
5,181.3906,3
7,181.4322,3
26,181.4661,8,3
9,181.5883,3
10,181.5942,3
11,181.7817,3
12,181.8067,3
13,181.8233,3
15,181.8589,8,3
16,181.89,3
17,181.915,3
18,181.9358,3
35,181.9519,8,3
37,182.0983,3
34,182.1275,8,3
29,182.3539,8,3
38,182.4092,3
19,182.4306,8,3
20,182.4722,8,3
24,182.5356,8,3
29,182.6239,8,3
36,182.6725,3
24,182.7558,3
13,182.7669,3
11,182.8142,3
26,183.0031,8,3
20,183.2475,3
30,183.27,8,3
36,183.3769,3
29,183.3842,3
16,183.4353,3
15,183.4561,3
28,183.4678,8,3
13,183.5019,3
25,183.5261,8,3
11,183.5478,3
26,183.5956,8,3
8,183.6519,3
25,183.665,8,3
26,183.7656,8,3
5,183.7936,3
4,183.8186,3
3,183.8353,3
2,183.8811,3
1,183.8978,3
0,183.9228,3
25,183.9294,3
2,184.0436,3
13,184.1128,3
3,184.1311,3
25,184.3686,8,3
24,184.5378,3
7,184.6061,3
6,185.0269,3
22,185.0753,8,3
25,185.5031,8,3
24,185.6931,3
7,185.9356,3
8,185.9856,3
24,186.1103,8,3
28,186.2822,3
9,186.3211,3
10,186.3253,3
9,186.3672,3
23,186.4361,3
26,186.4375,8,3
27,186.6128,8,3
28,186.6989,8,3
18,186.9275,3
8,186.9767,3
25,187.3722,8,3
26,187.7544,8,3
24,188.2439,3
8,188.2575,3
20,188.3467,3
7,188.5492,3
20,188.5525,3
8,188.6075,3
23,188.7153,3
8,188.7325,3
9,188.7492,3
29,188.8067,3
27,188.9803,3
8,189.2533,3
7,189.2783,3
6,189.32,3
5,189.3617,3
26,189.6981,8,3
7,189.7453,3
26,189.8811,3
26,189.9483,3
9,190.0619,3
22,190.1144,3
10,190.3928,3
9,190.4011,3
10,190.4053,3
27,190.4697,8,3
27,190.7475,3
9,190.7722,3
27,190.8117,8,3
27,190.8897,8,3
25,191.0147,3
7,191.1889,3
27,191.4397,3
7,191.6097,3
8,191.6264,3
7,191.7639,3
8,191.7889,3
7,191.8472,3
8,191.8931,3
7,191.9097,3
8,192.2061,3
7,192.2472,3
8,193.0056,3
7,193.0514,3
8,193.4181,3
24,193.7528,3
7,194.6889,3
6,195.1681,3
5,195.2222,3
4,195.3056,3
25,197.3644,8,3
24,198.1175,3
6,198.16,3
7,198.1933,3
5,198.6975,8,3
7,198.7183,3
10,199.2997,3
7,199.6933,3
30,199.7219,8,3
9,199.8392,3
10,199.8475,3
28,199.8747,8,3
22,199.98,3
26,199.9972,8,3
14,200.0558,3
24,200.0611,8,3
16,200.1017,3
17,200.1267,3
18,200.1603,3
19,200.175,3
20,200.2167,3
16,200.2286,3
26,200.2492,3
19,200.2656,8,3
20,200.3442,3
18,200.3878,8,3
25,200.4225,3
17,200.4989,8,3
10,200.5578,8,3
20,200.6578,8,3
30,201.0975,8,3
30,201.1792,3
12,201.1811,3
11,201.2061,3
13,201.3017,8,3
27,201.8486,8,3
10,201.8811,3
19,202.1333,3
17,202.2314,3
12,202.2667,3
13,202.2917,3
14,202.3125,3
15,202.3358,3
16,202.3553,3
17,202.3803,3
18,202.4056,3
19,202.4344,3
20,202.5136,3
26,202.6347,3
28,203.1069,8,3
33,203.1194,8,3
29,203.1692,8,3
30,203.25,8,3
25,203.4056,8,3
23,203.4306,3
19,203.5031,8,3
14,203.6033,8,3
21,204.655,8,3
19,204.81,3
20,204.8392,3
21,204.86,3
22,204.885,3
23,204.91,3
26,204.9186,3
25,204.9767,3
26,204.9892,3
27,205.0225,3
28,205.035,3
25,205.0458,8,3
30,205.0767,3
31,205.1058,3
32,205.1142,3
33,205.1392,3
17,205.1422,8,3
35,205.2058,3
36,205.2267,3
25,205.2408,3
38,205.2683,3
39,205.2933,3
18,205.2992,3
41,205.335,3
26,205.3461,8,3
43,205.3725,3
29,205.3858,8,3
27,205.4239,8,3
45,205.4933,3
46,205.51,3
47,205.535,3
48,205.56,3
49,205.585,3
31,205.6775,8,3
46,205.7933,3
28,205.8072,8,3
29,205.8533,8,3
43,205.8808,3
27,205.9397,3
41,205.96,3
40,205.9725,3
30,206.0897,8,3
24,206.3389,3
30,206.4347,3
34,206.5392,3
22,206.5736,3
35,206.5847,8,3
20,206.6072,3
18,206.6572,3
28,206.7019,3
27,206.7144,3
35,206.7186,8,3
20,206.7406,3
33,206.7442,8,3
23,206.8061,3
22,206.8519,3
21,206.9061,3
35,206.9189,8,3
31,206.9483,3
30,206.9706,3
28,207.0122,3
27,207.3017,3
29,207.3461,8,3
16,207.3889,3
28,207.5156,8,3
14,207.5639,3
27,207.5683,3
12,207.6056,3
28,207.6158,3
29,207.6353,8,3
30,207.6519,3
8,207.7517,3
9,207.7642,3
29,207.7661,8,3
27,207.9414,8,3
26,208.0553,8,3
8,208.2436,3
7,208.2894,3
6,208.3144,3
21,208.3589,3
20,208.9483,8,3
26,208.9697,8,3
25,209.0392,3
8,209.1019,3
23,209.1514,3
17,209.2581,8,3
22,209.435,3
25,209.4603,8,3
21,209.5189,3
5,209.5692,8,3
24,209.71,3
6,209.7867,8,3
6,210.0231,8,3
25,210.1061,3
8,210.3419,3
9,210.5336,3
23,210.7297,8,3
27,211.3339,3
6,211.4714,3
5,211.4922,3
4,211.5378,3
3,211.5631,3
25,211.5728,3
2,211.8172,3
3,211.8256,3
4,211.8756,3
5,211.9047,3
6,211.9631,3
7,211.9881,3
29,212.045,8,3
9,212.0714,3
10,212.0756,3
25,212.1006,8,3
23,212.1394,8,3
22,212.1533,8,3
14,212.2006,3
15,212.2256,3
16,212.2547,3
17,212.3092,3
16,212.3133,3
17,212.3217,3
16,212.3258,3
15,212.3592,3
14,212.3883,3
13,212.4133,3
19,212.4211,8,3
30,212.4542,3
16,212.4875,8,3
16,212.5153,8,3
14,212.6228,8,3
9,212.7003,8,3
10,212.8422,3
11,212.8925,3
10,212.8967,3
27,212.9172,3
27,212.9769,8,3
29,213.0836,3
14,213.1686,8,3
14,213.4383,8,3
10,213.4983,3
13,213.5383,8,3
8,213.5775,3
7,213.6358,3
12,213.6408,8,3
8,213.6442,3
7,213.6608,3
10,213.7419,3
7,214.1883,3
6,214.24,3
4,214.315,3
3,214.3983,3
15,214.4494,3
24,214.6944,3
4,214.8442,3
13,214.8525,3
12,214.9375,3
7,214.9942,3
14,215.0414,3
8,215.0442,3
9,215.0733,3
10,215.0817,3
13,215.0969,3
12,215.1233,3
13,215.1442,3
12,215.1719,3
35,215.1894,3
11,215.1969,3
12,215.2375,3
19,215.2775,3
13,215.2889,3
37,215.3894,8,3
39,215.4558,8,3
17,215.515,3
26,215.5236,3
16,215.5358,3
15,215.5567,3
14,215.5775,3
14,215.6056,3
11,215.6358,3
10,215.6525,3
17,215.6556,8,3
21,215.7297,8,3
24,215.7631,8,3
28,215.9983,8,3
