27,0.0017
4,1.7619
5,1.7786
6,1.7953
7,1.8036
8,1.8119
9,1.8203
10,1.8453
11,1.8536
12,1.8622
13,1.8706
15,1.8819
15,1.8956
16,1.9122
17,1.9206
18,1.9372
19,1.9539
16,1.9819
33,2.1342
35,2.1675
2,2.3183
34,2.3819
30,7.4211
29,7.4628
19,7.4833
8,7.5058
8,7.5308
22,7.5417
30,7.5489
30,7.6792
19,7.7003
25,7.7625
26,7.9758
25,8.0553
27,8.1969
24,8.2339
29,8.2375
23,8.6106
25,8.6656
31,8.7344
30,8.7694
29,8.7917
14,9.1139
21,9.3225
11,9.3472
20,9.3992
25,9.4022
8,9.5608
26,9.8608
21,9.9772
20,10.0192
21,10.0442
20,10.0525
26,10.0583
27,10.15
1,10.2597
18,10.3361
29,10.3647
0,10.4014
17,10.4194
18,10.4944
30,10.5019
18,10.5281
19,10.5364
7,10.61
33,10.8372
18,10.9256
9,10.9328
36,10.9531
25,11.0203
24,11.0553
15,11.0886
29,11.1147
19,11.2008
16,11.2169
18,11.2678
34,13.7056
19,13.8136
24,13.8986
38,13.9275
22,13.9639
29,13.9692
34,14.0994
35,14.1222
35,14.1911
28,14.465
32,14.4811
31,14.5561
30,14.5894
23,14.6244
30,14.6408
33,14.7814
34,14.8231
35,14.9103
35,14.9608
22,15.3728
25,15.4417
34,15.4672
34,15.6311
20,15.8253
40,15.8319
41,15.8569
28,15.8728
44,15.9069
45,15.9236
25,16.1633
26,16.255
27,16.3339
23,16.3697
25,16.5333
22,16.5867
33,16.6833
20,16.7139
19,16.7417
37,16.7994
15,16.8269
23,16.8647
34,16.8667
35,16.8922
30,16.9414
30,16.9492
24,16.9825
24,17.0164
28,17.0194
22,17.0414
25,17.0547
20,17.0664
19,17.0747
24,17.0847
14,17.1817
36,17.2064
24,17.2542
19,17.4889
18,17.6047
16,17.6714
25,17.8089
22,18.0333
35,18.1144
19,18.3108
22,18.4478
18,18.6317
29,18.7922
18,18.8428
15,18.9547
13,19.1381
5,19.2114
22,19.2661
30,19.285
34,19.2956
11,19.3339
26,19.3494
27,19.3578
12,19.3631
29,19.3911
32,19.3933
32,19.4222
30,19.4414
31,19.4497
14,19.4619
33,19.4831
34,19.5247
28,19.5594
20,19.6639
31,19.7164
21,19.7633
29,19.7997
28,19.8164
30,19.8317
26,19.8417
25,19.85
24,19.8667
23,19.875
15,19.8761
21,19.9
20,20.0083
19,20.1753
18,20.1836
28,20.2208
34,20.3417
37,20.64
38,20.705
6,20.9719
5,21.0275
33,21.1133
22,21.1844
21,21.1928
29,21.1956
20,21.2178
19,21.2533
27,21.3389
26,21.3833
31,21.5161
30,21.5439
18,21.5533
24,21.585
29,21.5883
31,21.6131
26,21.6889
21,21.6936
16,21.8272
26,21.9106
21,21.9353
20,21.9519
19,21.9603
18,21.9686
14,21.9781
27,22.105
30,22.1717
31,22.305
33,22.3439
13,22.3539
9,22.3861
32,22.5017
36,22.6486
25,22.8003
8,22.8403
4,22.8653
3,22.9028
1,22.9819
27,23.0506
19,23.0658
2,23.1361
31,23.2219
24,23.3144
29,23.4386
27,23.5236
32,23.57
2,23.795
30,23.8131
29,23.8333
15,23.905
14,23.9383
27,23.9486
15,48.1464
25,48.2017
42,48.2806
23,48.3517
26,48.4047
25,48.4269
18,48.48
27,48.4992
22,48.5411
34,48.6047
24,48.6592
20,48.7047
18,48.7267
30,48.7397
29,48.7481
28,48.7731
27,48.7814
26,48.7897
25,48.8064
24,48.8147
24,48.8317
13,48.8458
20,48.8731
19,48.8814
35,48.8833
23,49.0761
25,49.1206
28,49.165
34,49.1753
29,53.9031
18,53.94
30,53.9614
31,54.0114
21,54.1561
22,54.1644
23,54.1894
24,54.2061
25,54.2144
24,54.2481
34,54.2506
5,54.4017
21,54.4231
34,54.4242
19,54.4564
18,54.4983
6,54.5225
33,54.6108
32,54.6453
14,54.7589
31,54.7653
18,54.7819
17,54.7903
16,54.8153
17,54.8486
31,54.8497
29,54.9017
26,54.9292
30,54.9544
22,54.9656
23,54.9822
24,54.9906
25,55.0072
26,55.0156
27,55.0322
28,55.0406
18,55.0458
29,55.0519
31,55.0739
32,55.0822
33,55.0989
34,55.1072
31,55.1131
29,55.2453
23,55.3058
17,55.3406
32,55.3908
12,55.4353
25,55.4944
17,55.5478
26,55.575
34,55.6008
32,55.6839
16,55.8019
21,55.8161
20,55.8328
19,55.8411
24,55.9125
18,55.9153
34,56.2014
30,56.2522
29,56.2689
31,57.1828
31,57.2211
19,57.3131
23,57.3736
33,57.3769
15,57.4619
16,57.4789
25,57.4892
29,57.5639
30,57.6319
11,57.6972
9,57.7264
7,57.7697
29,57.8436
3,57.8689
21,57.9525
29,58.0586
5,58.2106
6,58.2425
5,58.2814
6,58.3647
22,58.4025
18,58.4803
15,58.6136
30,58.7406
28,58.9286
29,58.9536
17,59.0467
37,59.2692
26,59.2969
34,59.4247
37,59.44
19,59.5639
20,59.5972
26,59.6389
6,59.6919
33,59.6994
32,59.8356
31,59.8667
31,59.9211
27,59.9914
30,60.0133
3,60.0294
27,60.2269
26,63.6061
23,63.7472
15,63.8536
21,63.9375
33,63.9903
27,64.0106
9,64.0219
31,64.1133
32,64.1689
14,64.1794
10,64.2086
11,64.2217
10,64.23
9,64.2467
11,64.2628
7,64.2883
6,64.305
5,64.3219
3,64.3803
13,64.4017
14,64.4614
8,64.9653
9,64.9822
10,65.0072
11,65.0239
12,65.0322
13,65.0489
14,65.0656
15,65.0822
35,65.0961
35,65.1794
32,65.1817
32,65.2244
22,65.2406
23,65.2489
24,65.2572
25,65.2656
18,65.2703
27,65.2906
28,65.2989
29,65.3072
30,65.3158
30,65.3219
38,65.3403
34,65.3664
29,65.3722
36,65.3833
17,65.4017
42,65.4822
38,65.4917
36,65.635
38,65.7506
36,65.8889
37,65.9086
35,65.9756
28,66.0025
35,66.0358
30,66.0386
34,66.0672
33,66.0922
32,66.1089
33,66.125
13,66.2383
15,66.2883
27,66.3175
16,66.3217
25,66.3342
24,66.3425
15,66.3483
22,66.3592
21,66.3675
20,66.3758
18,66.38
18,66.4008
17,66.4258
16,66.4342
15,66.4508
34,66.4681
15,66.4928
10,66.5083
15,66.5511
33,66.5528
15,66.6011
14,66.6428
13,66.6514
24,66.6683
31,66.6819
9,66.7014
10,66.725
8,66.7347
7,66.7431
6,66.7514
5,66.7681
4,66.7847
17,66.865
4,66.9619
25,67.1019
16,67.1211
15,67.1317
17,67.1378
38,67.1664
2,67.1839
19,67.2378
26,67.245
27,67.3203
18,67.3381
11,67.3508
16,67.3903
17,67.4339
26,67.4675
24,67.5731
9,67.7133
15,67.7369
24,67.8386
25,67.8469
26,67.8553
36,67.8608
16,67.8653
29,67.8969
30,67.9053
31,67.9219
27,67.9331
34,67.9636
35,67.9719
36,68.0803
27,68.1228
25,68.1553
26,68.2347
40,68.2639
41,68.2806
40,68.3139
27,68.3358
25,68.3631
21,68.4797
20,68.5683
35,68.5894
34,68.6061
33,68.6228
32,68.6394
31,68.6561
29,68.6611
12,68.7686
13,68.7936
27,68.8314
14,68.8375
28,68.8972
22,68.9481
21,68.9564
16,68.9603
12,69.0697
33,69.2364
32,69.3031
31,69.3308
24,69.6489
7,69.7478
5,69.8481
26,69.8628
24,69.9397
35,69.9997
29,70.1875
19,70.2086
15,70.2494
23,70.2647
24,70.2703
12,70.3081
25,70.3147
25,70.3564
24,70.4842
8,70.5414
26,70.5878
26,70.6283
6,70.6833
5,70.7
4,70.7167
10,71.5625
21,71.5892
20,71.6058
19,71.6225
18,71.6392
16,71.6669
11,71.6886
12,71.7053
13,71.7136
14,71.7181
15,71.7197
16,71.7475
17,71.7642
18,71.7808
19,71.7975
20,71.8142
17,71.8164
22,71.8308
23,71.8392
24,71.8475
25,71.8558
26,71.8647
15,71.8661
28,71.8897
19,71.8939
30,71.9064
31,71.9317
16,71.9417
33,71.9567
34,71.965
17,71.9772
16,71.9858
36,71.99
37,72.0236
27,72.3778
41,72.4819
40,72.5069
39,72.5403
38,72.5653
28,72.6419
16,72.7272
18,72.7522
34,72.7658
14,72.8356
24,72.8628
28,72.8892
30,73.7822
26,73.8069
25,73.8478
30,73.8647
9,73.8917
11,73.975
12,74.0
13,74.025
24,74.0442
14,74.0542
36,74.0914
16,74.1
17,74.1583
6,74.2414
21,74.2994
20,74.3078
19,74.3161
18,74.3244
14,74.3306
13,74.3614
8,74.5864
7,74.8656
17,74.9253
26,75.0675
34,77.8636
18,77.9358
6,77.9978
12,78.0986
25,78.1344
23,78.1594
22,78.1733
22,78.2236
29,78.3153
15,78.3622
28,78.4553
26,78.4911
5,78.5442
15,78.5494
7,78.5803
14,78.6078
35,78.6136
14,78.6689
34,78.6969
11,78.7328
34,78.9133
34,78.9344
14,78.9744
13,79.0581
19,79.1886
29,79.4525
12,79.4586
2,79.4969
13,79.5447
24,79.8542
17,79.9353
18,80.2097
17,80.2494
19,80.2747
18,80.2831
10,80.3128
16,80.3581
15,80.3831
14,80.3997
13,80.4164
17,80.4275
18,80.4553
22,80.5006
10,80.525
31,80.5792
14,80.6089
14,80.6669
20,80.6739
35,80.7553
22,80.9089
28,81.0975
38,81.1094
29,81.1294
28,81.1461
27,81.1572
26,81.1739
24,81.1839
25,81.185
15,81.1889
27,81.2175
28,81.2258
23,81.2294
22,81.2406
31,81.2675
32,81.2758
33,81.2925
21,81.2961
35,81.3175
36,81.3258
36,81.3417
25,81.5106
18,81.6072
17,81.685
27,81.6933
29,81.7708
30,81.7958
29,81.8264
28,81.8597
27,81.8764
26,81.9014
34,81.9247
33,81.9647
34,82.1531
28,82.1933
29,82.2017
30,82.2183
31,82.235
32,82.2433
35,82.2581
36,82.2731
36,82.3203
37,82.4
35,82.4789
16,82.4992
36,82.5875
34,82.6331
35,82.7267
33,82.7625
31,82.7939
30,82.8106
29,82.8189
34,82.8394
28,82.8442
27,82.8608
6,82.8817
33,82.8944
10,83.0156
33,83.0522
11,83.0539
22,83.1025
12,83.1067
14,83.1728
19,83.1861
28,83.2158
17,83.2789
27,83.2942
15,83.3111
14,83.3278
13,83.3361
12,83.3528
11,83.3611
15,83.3647
9,83.3861
8,83.4194
7,83.4278
6,83.4364
26,83.4442
2,83.4461
4,83.4739
4,83.545
8,83.5489
15,83.5703
7,83.6033
11,83.6064
13,83.6367
23,83.7644
25,83.7867
25,83.8711
15,83.9289
16,83.9833
26,84.0392
27,84.0919
15,84.1428
17,84.1656
18,84.1822
17,84.2072
16,84.2261
21,84.7236
23,84.7822
27,84.8431
25,85.0278
25,85.0722
16,85.1528
11,85.2569
7,85.4111
23,85.46
22,85.5267
22,85.5711
33,85.5972
23,85.5989
31,85.6867
17,85.72
24,85.7822
25,85.7989
13,85.8144
22,85.84
28,85.8739
21,85.8794
20,85.9125
25,85.9322
18,85.9572
17,86.0908
16,86.0992
15,86.1658
17,86.1828
16,86.1958
16,86.2911
22,86.2958
22,86.4744
27,86.6017
29,86.6517
11,86.8044
18,86.9119
13,87.0033
36,87.28
9,87.3083
9,87.3667
19,87.4581
22,87.4839
23,87.5006
20,87.5194
21,87.5567
22,87.5872
23,87.6592
23,87.6817
24,87.7011
25,87.7428
27,87.7633
8,87.8797
15,88.4433
25,88.4931
29,88.6308
16,88.7342
17,88.835
34,88.8847
32,88.9675
19,89.01
14,89.1286
17,89.2686
23,89.2881
24,89.3214
26,89.3533
13,89.3794
16,89.9011
21,89.9719
22,90.0306
15,90.0358
14,90.1206
19,90.2139
18,90.2306
17,90.2472
16,90.2556
33,90.2917
32,90.4619
23,90.5844
22,90.7111
7,90.9578
1,91.0994
25,91.2336
35,91.3336
36,91.3975
38,91.5083
37,91.5986
21,91.7531
34,91.8319
28,91.9414
21,91.9653
22,91.9819
23,91.9906
24,91.9989
25,92.0072
26,92.0239
21,92.03
7,92.0367
30,92.0656
8,92.0867
31,92.0906
32,92.0989
33,92.1156
34,92.1239
36,92.1803
28,92.2072
36,92.3239
32,92.3272
31,92.3439
30,92.3689
29,92.3856
28,92.3939
34,92.4208
33,92.4319
23,92.4431
23,92.4689
12,92.4753
17,92.5836
4,92.6158
19,92.6858
29,92.7153
11,92.8092
39,92.8706
19,92.9944
20,93.0278
21,93.0444
16,93.0506
24,93.0583
25,93.0947
31,93.0989
27,93.1114
32,93.1211
28,93.1281
29,93.1447
30,93.1531
31,93.1697
32,93.1781
15,93.3497
17,93.4044
20,93.5092
32,93.5119
33,93.6158
22,93.6917
23,93.7794
26,93.8931
32,93.9403
30,93.9672
32,93.9706
36,93.9769
31,93.9872
30,94.0039
29,94.0122
34,94.1381
27,94.2333
30,94.3931
28,94.4992
27,94.5736
23,94.6711
24,94.6794
21,94.6925
26,94.7044
27,94.7128
28,94.7211
29,94.7378
30,94.7461
31,94.7631
25,94.7772
24,94.7939
13,94.8347
15,94.9217
23,95.0492
32,95.0631
26,96.1506
32,96.2094
31,96.2408
28,96.2528
29,96.2658
29,96.2694
30,96.2861
29,96.2872
25,96.3033
24,96.3242
23,96.3325
31,96.3414
20,96.3661
24,96.3842
36,96.4217
26,96.5147
28,96.6183
30,96.7733
35,96.8786
20,97.0342
27,97.4017
19,97.44
18,97.5042
19,97.5125
29,97.5628
30,97.5906
23,97.7847
36,97.8628
36,98.0519
34,101.9506
20,102.1814
21,102.1897
22,102.2064
23,102.2147
24,102.2231
25,102.2314
26,102.2397
27,102.2481
28,102.2647
29,102.2731
30,102.2814
31,102.2981
32,102.3064
33,102.3147
34,102.3231
3,102.3339
36,102.3483
37,102.3567
38,102.365
39,102.3817
40,102.3983
23,102.4025
41,102.4067
42,102.415
44,102.4483
45,102.465
46,102.4817
47,102.49
48,102.515
35,102.5978
49,102.6153
48,102.6736
36,102.6764
46,102.7319
24,102.7489
26,102.8253
42,102.8486
40,102.9192
39,102.9403
25,102.9808
23,103.0317
22,103.1231
34,103.1403
15,103.1694
23,103.2683
31,103.2992
17,103.3081
27,103.3761
17,103.3819
27,103.3975
26,103.4142
25,103.4225
24,103.4267
23,103.4392
22,103.4475
21,103.4558
25,103.46
34,103.4611
6,103.4867
8,103.5283
35,103.6564
17,103.7756
37,103.7842
2,103.9258
0,103.9731
27,104.0633
2,104.0869
11,104.1578
27,104.1706
3,104.235
20,104.465
30,104.5389
28,104.5867
30,104.7061
20,104.81
19,104.8183
18,104.835
17,104.9433
17,104.9683
22,105.1383
7,108.1317
25,112.385
17,112.3939
17,112.4272
26,112.6081
28,112.6242
23,112.7147
35,113.8072
41,113.8503
40,113.8936
25,113.9911
37,114.0603
36,114.0769
35,114.0936
34,114.1186
33,114.1353
32,114.1769
31,114.2019
30,114.2103
31,114.2519
35,114.2664
24,114.3686
32,114.4022
33,114.4189
34,114.4272
35,114.4439
26,114.4633
36,114.5886
25,114.6356
22,114.67
36,114.7164
25,114.7289
29,114.9217
7,114.9667
8,115.1003
30,115.1231
9,115.2544
28,115.4464
12,115.7564
27,115.8517
27,116.0078
28,116.0328
32,116.1336
22,116.1661
33,116.3428
32,116.3494
9,116.3647
26,116.3961
30,116.4025
30,116.4692
35,116.5364
31,116.5464
32,116.5794
32,116.6964
31,116.7131
28,116.7408
29,116.7908
34,116.8344
25,117.7456
28,117.7639
24,117.765
23,117.7817
22,117.7956
26,117.8283
20,117.8378
17,117.8753
39,117.965
34,119.9928
28,120.2
12,120.2603
34,120.3267
16,121.1722
13,121.2222
6,121.2269
12,121.2392
23,121.2744
12,121.3058
24,121.3442
25,121.3719
15,121.4219
37,121.4328
18,121.4719
5,121.4753
35,121.5119
29,126.0661
25,126.2831
23,126.6178
37,126.6731
30,126.6928
35,126.8272
32,127.6606
26,127.7572
24,127.9239
18,127.9594
35,127.9875
23,128.0044
32,128.0875
22,128.1075
36,128.1672
20,128.1853
23,128.3239
22,128.3572
30,128.5378
36,128.5703
25,128.6514
18,128.6994
24,128.7686
35,128.7875
21,128.9469
9,136.0031
35,136.2233
29,136.2531
33,136.5428
20,136.6064
19,136.6314
34,136.6442
25,136.7603
33,136.8781
34,137.0339
25,137.1661
6,137.2928
39,137.3747
9,137.4094
37,137.5025
12,137.6136
34,137.6303
33,137.6664
32,137.7064
29,137.7986
21,137.8408
29,137.8678
37,137.9139
10,137.9344
28,138.0856
12,138.3942
31,138.7542
10,138.8306
9,138.8694
32,138.95
35,139.425
37,139.5875
35,139.7169
22,139.805
9,139.8175
24,139.83
25,139.8383
26,139.855
40,139.86
28,139.88
8,139.8969
31,139.9217
28,139.9281
33,139.9383
34,139.955
35,139.9633
36,139.98
35,139.9883
38,140.0053
36,140.0781
42,140.0886
43,140.1053
44,140.1219
45,140.1386
37,140.1669
27,140.1753
35,140.2428
36,140.3169
31,140.4336
30,140.4558
28,140.4892
24,140.5503
29,140.5739
20,140.6058
17,140.6614
15,140.6994
14,140.7136
25,140.9269
35,140.9889
26,141.0061
25,141.0144
24,141.0228
23,141.0311
22,141.0394
21,141.0478
20,141.0561
36,141.0575
35,141.0828
34,141.1956
29,141.3028
16,141.3247
17,141.3581
30,141.3919
24,141.4028
5,141.5061
3,141.6228
1,141.7061
25,141.7469
28,141.7914
30,141.8247
12,141.8819
1,141.9853
2,142.1436
6,142.2656
27,142.2686
5,142.2739
4,142.2989
1,143.0894
2,143.1144
3,143.1353
7,143.1539
8,143.1622
4,143.1686
5,143.1936
7,143.2397
12,143.2622
8,143.2647
14,143.2878
15,143.3044
16,143.3128
17,143.3211
18,143.3378
30,143.3547
20,143.4211
21,143.4294
11,143.4397
23,143.4544
24,143.4628
25,143.4794
29,143.4825
27,143.4961
28,143.5128
29,143.5214
30,143.5381
45,143.5419
32,143.5547
33,143.5631
28,143.5761
27,143.6064
40,143.6292
29,143.6983
34,143.7214
33,143.7381
32,143.7547
31,143.7631
20,143.7747
30,143.7797
29,143.7881
28,143.7964
27,143.8047
6,143.8064
5,143.8272
23,143.8464
37,143.8572
21,143.8714
4,143.8731
36,143.8911
3,143.9022
27,143.9386
2,143.9689
36,144.0189
29,144.2181
37,149.9111
12,149.9831
18,150.1053
21,150.1622
16,150.5106
32,150.5239
25,150.5381
31,150.5742
15,150.5858
14,150.6025
30,150.6092
12,150.6275
31,150.6311
10,150.6442
9,150.6608
9,150.6872
28,150.69
7,150.7361
6,150.7444
5,150.7611
4,150.7778
18,150.8331
10,150.85
6,150.8864
9,150.8875
10,150.9
8,150.9114
9,150.9281
10,150.9697
11,150.9947
12,151.0197
13,151.0531
34,151.0694
8,151.1292
23,151.1922
27,151.2806
20,151.3089
26,151.3306
2,151.4106
1,151.4314
1,151.5647
36,151.5914
29,151.6042
30,151.6125
31,151.6736
20,151.7789
14,151.7914
6,151.9214
32,152.0853
31,152.1494
29,152.2633
29,152.2911
21,152.3542
7,152.3756
30,152.4475
20,152.5128
24,152.515
7,152.5381
9,152.7047
17,152.8964
18,152.9297
14,152.9547
19,152.9631
23,153.0969
35,153.1183
13,153.1972
16,153.2597
23,153.4147
21,153.4419
19,153.5803
14,153.9136
19,154.0481
24,154.1006
25,154.1617
26,154.1894
28,154.2228
28,154.2478
29,154.2644
30,154.2728
31,154.2767
32,154.2978
33,154.3061
25,154.3092
29,154.3561
33,154.6931
31,154.7483
29,155.0197
27,155.0669
28,155.2947
29,155.3281
25,155.3922
30,155.4006
29,155.4339
24,155.4756
23,155.4839
24,155.5089
22,155.5447
17,155.6031
31,155.6175
20,155.6425
32,155.6547
18,155.6675
9,155.7019
10,155.7197
19,156.0936
24,160.1419
24,160.2311
35,160.2547
26,160.4811
21,160.5519
29,160.5867
21,160.6353
20,160.6519
19,160.6853
36,160.7314
21,160.7603
28,160.7922
27,160.8272
28,160.8356
29,160.8522
30,160.8606
22,160.8631
27,160.8867
24,160.9381
24,160.9908
25,161.0681
25,161.1103
9,161.1711
25,161.2025
38,161.2047
38,161.2653
19,161.5444
13,161.5456
28,161.5744
10,161.5956
29,161.7272
26,161.8072
22,161.8747
22,161.8867
33,161.9597
35,162.035
38,162.0683
30,162.1589
28,162.2444
27,162.3333
24,162.4497
34,162.6258
35,162.6675
21,162.7208
20,162.7458
36,162.8014
5,162.825
21,163.0953
38,163.2417
34,163.325
33,163.375
35,163.5831
21,163.6925
34,163.7403
33,163.8292
22,163.8419
32,163.8689
33,163.9719
32,163.9886
6,163.9897
27,164.0575
30,164.0611
27,164.15
31,164.1833
17,164.2253
30,164.2558
31,164.3672
7,164.3981
9,164.5856
29,164.7178
27,164.8222
29,165.0822
7,165.2108
18,165.2983
8,165.3067
25,165.3958
35,165.6211
16,165.6322
15,165.6489
14,165.6572
13,165.6656
12,165.6822
25,165.6881
26,165.7047
10,165.7072
9,165.7156
7,165.7739
27,165.7769
6,165.7822
5,165.7989
4,165.8156
13,165.8325
12,165.9828
23,166.8578
4,166.9144
6,166.9558
7,166.9642
8,166.9808
9,166.9892
24,167.0025
11,167.0225
22,167.1864
28,167.2067
29,167.215
30,167.2317
30,167.2403
31,167.2583
34,167.2736
35,167.2819
36,167.2903
32,167.3244
33,167.3281
34,167.3822
42,167.4069
35,167.4256
43,167.4319
35,167.5233
43,167.6906
42,167.7322
41,167.7406
39,167.7906
20,167.8136
25,167.8306
37,167.8492
36,167.8742
38,167.8994
37,167.9272
34,167.9325
24,167.9503
36,167.98
30,167.9992
29,168.0075
28,168.0158
37,168.0217
28,168.1436
30,168.1797
31,168.2075
33,168.2408
32,168.3161
14,168.3494
19,168.3911
32,168.4106
19,168.4831
18,168.5081
31,168.5344
16,168.5497
15,168.5664
14,168.5747
13,168.5914
30,168.6061
11,168.6164
10,168.6247
9,168.6333
8,168.65
7,168.6667
30,168.7117
5,168.7333
16,168.7636
6,168.7833
4,168.9
3,168.9419
17,168.9781
1,168.9836
0,169.0003
20,169.1044
3,169.1422
4,169.1672
3,169.2006
2,169.2589
3,169.3006
4,169.3172
2,169.34
3,169.3608
22,169.3808
5,169.415
6,169.4342
7,169.465
8,169.49
3,170.5289
4,170.5369
5,170.5619
6,170.5786
7,170.5869
8,170.5953
9,170.6119
10,170.6286
11,170.6453
12,170.6536
13,170.6619
14,170.6786
16,170.6953
17,170.7125
18,170.7208
19,170.7461
20,170.7544
21,170.7628
22,170.7711
23,170.7794
24,170.7878
25,170.7961
26,170.805
27,170.8133
28,170.8217
29,170.83
30,170.8383
35,170.8417
34,170.8597
33,170.88
34,170.8883
33,170.8922
36,170.9056
32,170.9103
38,170.9472
39,170.9722
23,170.9822
41,171.0058
42,171.0142
43,171.0308
31,171.0944
43,171.1225
32,171.1558
33,171.1772
23,171.2344
38,171.2478
37,171.2644
36,171.2894
35,171.2978
34,171.3144
35,171.3311
34,171.3394
33,171.3561
31,171.4367
25,171.6269
26,171.6547
29,171.6678
25,171.6761
26,171.7011
25,171.7094
24,171.7261
23,171.7428
22,171.7511
36,171.7658
35,171.7694
36,171.7875
37,171.8308
26,171.8517
17,171.8847
17,174.4806
34,174.5442
19,174.6072
28,174.6725
10,174.9719
9,175.0094
14,175.0356
13,175.0439
12,175.0606
34,175.0639
10,175.0772
27,175.1917
13,175.2178
16,175.2803
18,175.3319
21,175.3858
21,175.4233
28,175.4453
12,175.4861
21,175.5069
14,175.5194
20,175.5306
19,175.5708
26,175.6836
15,175.7947
9,175.8725
28,175.9175
0,176.0428
24,176.1344
30,176.1825
19,176.2569
30,176.53
10,176.6778
8,176.8611
39,176.8981
29,177.0989
18,177.1461
30,177.2158
6,177.2906
4,177.3422
3,177.3589
0,177.4464
26,177.5164
1,177.5589
1,177.6811
16,178.0539
34,178.0883
34,178.4278
23,178.4458
3,178.5939
33,178.8033
16,178.8147
15,178.8314
21,178.8353
14,178.8397
13,178.8481
12,178.8647
11,178.8814
9,178.9064
10,178.9383
6,178.9567
9,178.98
3,179.0483
4,179.0819
17,180.7333
4,180.8281
6,180.8617
8,180.8867
9,180.9117
10,180.92
11,180.9283
17,180.9311
13,180.9533
14,180.9617
31,180.9758
16,180.9867
17,180.995
18,181.0117
19,181.0367
20,181.045
25,181.0506
22,181.0617
23,181.07
26,181.0783
25,181.0811
27,181.1042
28,181.1125
30,181.1292
31,181.1464
32,181.1547
33,181.1631
34,181.1714
35,181.1886
36,181.1969
26,181.2506
31,181.285
39,181.2889
40,181.3056
25,181.3228
42,181.3306
43,181.3722
44,181.3806
26,181.4661
23,181.5769
32,181.6442
32,181.7492
41,181.7644
40,181.7894
34,181.8317
37,181.8728
16,181.89
17,181.915
35,181.9519
32,181.9811
37,182.0983
22,182.1231
34,182.1275
20,182.1481
33,182.1494
18,182.2481
17,182.2731
16,182.3064
17,182.3231
20,182.3244
20,182.4722
29,182.6239
29,182.6972
22,182.9081
20,183.2475
30,183.27
17,183.3158
16,183.3242
17,183.3658
16,183.3742
36,183.3769
28,183.4678
11,183.5478
8,183.6519
25,183.665
26,183.7656
3,183.8353
25,183.9294
26,183.9656
2,184.0436
20,184.2933
25,184.3686
22,184.3983
24,184.4017
30,184.4797
35,184.5294
24,184.5378
27,184.5733
36,184.5906
31,184.6547
32,184.7103
22,184.7719
31,185.0111
22,185.0753
32,185.1183
30,185.1408
27,185.5356
31,185.6169
30,185.675
29,185.6917
24,185.6931
25,185.7361
28,185.7717
27,185.8092
30,185.8136
7,185.9356
24,186.1103
19,186.1586
28,186.2822
9,186.3672
26,186.4375
29,186.5378
28,186.6989
26,186.7672
27,186.8294
18,186.9275
25,187.1006
27,187.3192
25,187.3722
32,187.4192
18,187.4353
31,187.4464
9,187.4731
15,187.5103
14,187.5186
13,187.5269
12,187.5353
11,187.5436
10,187.5519
32,187.5594
24,187.5922
8,187.6353
7,187.6436
6,187.6519
5,187.6686
4,187.6853
8,188.6075
4,188.6472
5,188.7722
6,188.7972
7,188.8056
8,188.8222
9,188.8306
10,188.8806
11,188.8889
13,188.9056
14,188.9222
15,188.9306
32,188.9372
17,188.9556
30,188.9581
27,188.9803
27,188.9969
24,189.1553
36,189.1925
31,189.2247
5,189.3617
23,189.3994
19,189.4731
26,189.6981
30,189.8044
9,190.0619
22,190.1144
26,190.1847
22,190.2303
43,190.2628
27,190.2736
19,190.3472
39,190.3519
28,190.3558
24,190.4292
28,190.4931
28,190.5061
29,190.5311
14,190.5475
13,190.5725
14,190.5808
15,190.6311
16,190.6644
18,190.7311
37,190.7358
9,190.7722
28,190.7786
27,190.8117
39,190.8292
28,190.8425
16,190.8519
37,190.8831
27,190.8897
22,190.9411
34,190.9722
25,191.0147
40,191.0631
41,191.0983
26,191.1675
38,191.2547
35,191.3558
31,191.3669
28,191.4175
27,191.4397
19,191.4661
20,191.4828
21,191.4994
30,191.5708
29,192.0042
28,192.1278
29,192.1528
7,192.2472
30,192.2864
23,192.3411
28,192.3558
16,192.3911
15,192.4078
14,192.4161
27,192.4253
32,192.4953
25,192.5894
35,192.6336
37,192.6903
18,192.7333
28,192.7447
8,193.0056
17,193.0433
7,193.0514
35,193.1911
16,193.3361
15,193.3528
36,193.3586
14,193.3611
13,193.3781
8,193.4181
13,193.4533
14,193.4783
16,193.6033
17,193.6783
18,193.7283
19,193.745
24,193.7528
22,193.7783
23,193.7867
24,193.8119
25,193.8203
26,193.8286
27,193.8369
28,193.8453
29,193.8619
30,193.8869
31,193.9119
32,193.9203
33,193.9286
34,193.9536
35,193.9619
36,193.9703
37,193.9869
38,194.0036
39,194.0119
40,194.0369
41,194.0453
42,194.0786
45,194.1956
46,194.2039
45,194.2206
44,194.2622
43,194.2792
42,194.2958
41,194.3208
40,194.3625
39,194.3792
38,194.4208
37,194.4375
36,194.4542
35,194.4958
34,194.5542
33,194.5794
31,194.6294
30,194.6461
29,194.6628
7,194.6889
28,194.7044
27,194.7211
25,194.7544
24,194.7794
23,194.7961
22,194.8297
21,194.8381
20,194.8547
19,194.8631
18,194.9214
19,194.9786
18,194.9869
6,195.1681
5,195.2222
25,197.9742
18,198.0078
24,198.0286
6,198.16
7,198.1933
17,198.2675
22,198.3892
30,198.4014
12,198.5036
31,198.6406
35,198.6958
7,198.7389
33,198.8403
31,198.935
5,199.0525
16,199.0803
15,199.0886
14,199.0969
13,199.1136
12,199.1219
10,199.1469
9,199.1553
29,199.2467
7,199.2719
6,199.2803
5,199.2886
10,199.2997
3,199.3469
4,199.3889
5,199.4056
6,199.4222
7,199.4306
8,199.4389
15,199.4403
10,199.4928
11,199.5139
12,199.5475
20,199.5494
14,199.6228
10,199.6289
28,199.8747
27,199.8942
26,199.9972
17,200.1267
18,200.1603
17,200.3697
18,200.3878
21,200.3983
25,200.4225
15,200.48
10,200.5578
35,200.5981
6,200.6272
24,200.7744
25,200.8022
26,200.83
28,200.8828
30,201.0975
30,201.1792
27,201.2681
26,201.2958
35,201.3942
18,201.5014
27,201.8486
27,201.8747
10,201.8811
31,201.9086
35,202.0019
29,202.1589
17,202.2314
12,202.2667
17,202.3803
18,202.4056
19,202.4344
13,202.5042
20,202.5136
11,202.5819
11,202.6097
13,202.9125
27,202.9181
27,203.0275
33,203.1194
29,203.3083
23,203.74
16,203.7461
14,203.8542
15,203.8794
18,203.9603
33,204.0628
15,204.0908
25,204.2439
25,204.2761
24,204.4064
12,204.4372
18,204.5028
2,204.5689
22,204.885
25,204.9767
30,205.0767
32,205.1142
35,205.2058
27,205.4239
24,205.4564
28,205.64
23,205.7622
28,205.8072
29,205.8533
22,205.9322
27,205.9397
40,205.9725
30,206.0897
31,206.1036
27,206.1408
28,206.1575
29,206.1658
30,206.1825
31,206.1908
29,206.1989
34,206.2203
36,206.3917
25,206.4092
30,206.4347
34,206.5392
22,206.5736
35,206.5847
20,206.6072
34,206.6244
18,206.6572
27,206.6956
23,206.8061
22,206.8519
27,206.8892
16,207.3889
28,207.5156
36,207.5589
39,207.6853
8,207.7517
25,208.0192
26,208.0553
8,208.2436
6,208.3144
25,208.3806
21,208.4675
31,208.6344
36,208.7661
31,208.8661
20,208.9483
25,209.0392
36,209.055
22,209.1597
17,209.2581
37,209.3094
38,209.3419
22,209.435
21,209.5189
27,209.5256
18,209.5617
30,209.5894
37,209.6164
36,209.6442
24,209.71
6,209.7867
17,209.8581
30,209.9117
17,209.9833
18,209.9922
21,210.0392
30,210.0578
8,210.3419
31,210.3775
33,210.4206
15,210.6933
13,210.7711
35,210.9489
35,211.0958
8,211.1308
28,211.1883
30,211.2094
31,211.2344
32,211.2428
33,211.2594
34,211.2928
28,211.4489
34,211.4514
33,211.4681
32,211.4847
30,211.5097
29,211.5264
28,211.5347
17,211.5531
18,211.5586
25,211.5728
28,211.5872
22,211.5975
23,211.6086
20,211.6347
24,211.6364
18,211.6597
33,211.6703
27,211.7142
28,211.8047
33,211.8894
6,211.9631
25,212.1006
24,212.1228
15,212.3592
15,212.3772
14,212.3883
30,212.4542
16,212.4875
29,212.5478
30,212.5644
13,212.6394
10,212.6864
8,212.7275
7,212.7442
6,212.7608
10,212.8422
4,212.8611
14,213.1686
4,213.1722
5,213.1889
6,213.2056
8,213.2306
9,213.2389
10,213.2639
11,213.2722
23,213.2764
12,213.2806
15,213.2989
14,213.3056
15,213.3231
16,213.3314
17,213.3397
18,213.3564
19,213.3814
36,213.3925
22,213.4064
35,213.4092
36,213.4203
25,213.4314
14,213.4383
27,213.4481
28,213.4564
35,213.4592
10,213.4983
40,213.5506
32,213.5567
33,213.565
39,213.5794
35,213.5983
31,213.6994
33,213.785
38,213.8906
40,213.9675
38,213.9842
42,214.0731
38,214.0989
39,214.1072
42,214.1342
41,214.1406
42,214.1572
43,214.1822
36,214.2092
36,214.2644
38,214.3761
39,214.3869
44,214.4158
36,214.4756
46,214.4825
46,214.6914
34,214.7483
43,214.7892
36,214.8072
43,214.9553
36,215.1533
35,215.1894
35,215.2058
40,215.2503
19,215.2775
41,215.3214
39,215.4558
26,215.5236
15,215.5567
14,215.5775
37,215.5856
38,215.6203
32,215.6411
17,215.6556
21,215.7297
36,215.8903
27,215.965
