72,0.0019
 63,0.0028
 71,0.1464
 59,0.1472
 68,0.1964
 64,0.2853
 62,0.3075
 61,0.3131
 61,0.3519
 60,0.4186
 61,0.4242
 62,0.4631
 63,0.4686
 64,0.4853
 65,0.5408
 66,0.5519
 59,0.5844
 60,0.5883
 61,0.6681
 59,0.6969
 58,0.75
 65,0.8742
 64,0.8797
 62,0.8964
 60,0.94
 58,1.0389
 57,1.0461
 60,1.05
 61,1.0556
 55,1.075
 54,1.0822
 62,1.15
 63,1.1556
 53,1.18
 67,1.1833
 68,1.1889
 69,1.2056
 70,1.3
 56,1.3408
 58,1.3589
 72,1.3611
 60,1.3697
 71,1.3778
 73,1.4389
 63,1.5036
 64,1.5906
 67,1.6992
 70,1.7586
 71,1.7625
 73,1.7928
 74,1.8253
 73,2.0461
 74,2.0606
 73,2.1581
 72,2.5661
 73,2.5881
 72,3.1061
 72,3.7728
 72,5.2728
 73,5.5228
 72,5.7042
 70,5.7264
 69,5.7708
 74,6.0944
 75,6.0981
 73,6.1558
 73,6.1886
 72,6.2211
 73,6.2464
 71,6.3511
 72,6.4486
 73,6.4764
 71,6.4767
 72,6.4989
 72,6.5489
 71,6.5608
 72,6.5919
 71,6.6278
 71,6.6811
 68,6.7328
 70,6.8283
 69,6.8667
 70,6.8842
 72,7.0131
 70,7.0381
 69,7.0525
 65,7.0856
 71,7.0911
 64,7.0944
 61,7.1306
 70,7.2078
 60,7.2353
 61,7.2786
 65,7.3133
 60,7.315
 61,7.3222
 61,7.3578
 60,7.3633
 59,7.3744
 62,7.4233
 57,7.4633
 59,7.5244
 58,7.5756
 67,7.5822
 69,7.6003
 57,7.6081
 56,7.6303
 57,7.6914
 58,7.7025
 60,7.7247
 71,7.8817
 70,7.9611
 69,7.9972
 60,8.0303
 61,8.0358
 68,8.07
 66,8.2217
 65,8.2222
 64,8.2367
 63,8.2414
 64,8.2581
 65,8.2803
 68,8.3136
 61,8.3489
 70,8.4081
 58,8.4211
 56,8.4825
 70,8.5806
 58,8.62
 59,8.6286
 67,8.6306
 66,8.6472
 60,8.6944
 62,8.7344
 63,8.7525
 62,8.7583
 61,8.7694
 57,8.8028
 55,8.8194
 66,8.8247
 54,8.825
 53,8.8361
 51,8.8472
 69,8.85
 70,8.8644
 50,8.8694
 49,8.8917
 47,8.9083
 44,8.9303
 72,8.935
 41,8.9528
 39,8.9694
 38,8.975
 28,9.1139
 72,9.1628
 27,9.2139
 71,9.2386
 26,9.2528
 24,9.3417
 23,9.3472
 22,9.3528
 71,9.3653
 70,10.9742
 68,11.1214
 67,11.2189
 65,11.2722
 64,11.2822
 63,11.2894
 58,11.3292
 57,11.34
 58,11.3653
 59,11.3764
 61,11.5678
 63,11.6003
 64,11.6183
 65,11.6817
 66,11.7069
 69,11.9
 68,11.925
 69,11.9542
 70,12.0389
 72,12.1347
 71,12.5736
 72,12.6097
 73,12.6242
 74,12.7172
 73,12.7308
 71,12.7997
 70,12.8069
 69,12.8139
 70,12.8214
 71,12.9969
 72,13.0369
 71,13.1714
 70,13.1786
 69,13.1858
 72,13.5994
 75,13.7528
 74,13.8478
 77,13.9797
 76,14.1236
 75,14.1642
 74,14.1708
 73,14.39
 81,14.6483
 82,14.6592
 80,15.6586
 53,15.6608
 79,15.6694
 78,15.6803
 77,15.7019
 57,15.7053
 58,15.7164
 59,15.7275
 76,15.7361
 75,15.7433
 74,15.7542
 73,15.765
 72,15.7794
 63,15.8997
 64,15.9386
 65,15.9556
 66,15.9833
 67,15.9942
 68,16.0167
 68,16.0553
 69,16.2647
 70,16.2761
 71,16.2906
 72,16.2978
 69,16.4478
 72,16.5311
 69,16.5647
 71,16.6289
 68,16.6597
 67,16.6833
 71,16.7311
 67,16.7381
 72,16.7811
 71,16.8922
 63,16.9206
 72,16.9367
 62,16.9422
 61,16.9492
 58,17.0122
 57,17.0194
 54,17.0442
 52,17.0572
 72,17.1419
 42,17.1425
 41,17.1497
 40,17.1606
 39,17.1931
 72,17.2064
 37,17.2147
 36,17.2464
 35,17.2786
 37,17.3894
 38,17.545
 37,17.5972
 38,17.6083
 42,17.9228
 43,17.93
 42,17.9444
 39,18.0531
 38,18.0603
 37,18.0747
 35,18.1
 32,18.1519
 33,18.2103
 32,18.3078
 33,18.3872
 34,18.4414
 35,18.4486
 37,18.4594
 38,18.4667
 39,18.47
 40,18.4775
 41,18.4847
 42,18.4881
 43,18.4956
 45,18.5117
 46,18.5156
 47,18.5228
 55,18.7381
 56,18.7456
 57,18.7636
 58,18.7922
 59,18.8672
 59,19.2633
 60,19.3464
 61,19.3717
 62,19.3825
 64,19.3933
 65,19.4006
 66,19.4078
 65,19.4222
 63,19.5492
 60,19.5853
 58,19.6069
 57,19.6358
 56,19.6644
 55,19.6719
 54,19.7186
 55,19.7478
 56,19.8308
 58,19.8489
 58,19.9308
 59,20.1872
 61,20.2125
 60,20.2233
 61,20.2414
 61,20.2922
 60,20.3464
 61,20.3533
 60,20.5025
 59,20.5103
 57,20.5719
 57,20.6367
 55,20.8372
 56,20.8569
 56,21.0006
 55,21.0697
 54,21.0806
 55,21.0986
 71,21.1567
 57,21.2256
 58,21.2519
 59,21.275
 60,21.2894
 61,21.2964
 69,21.3889
 68,21.415
 67,21.4261
 65,21.4811
 62,21.5272
 66,21.5353
 61,21.5439
 67,21.5464
 60,21.5828
 66,21.5875
 63,21.6131
 62,21.6311
 56,21.6328
 61,21.6383
 55,21.6494
 58,21.6564
 56,21.6661
 56,21.6672
 55,21.6717
 54,21.6817
 54,21.6883
 53,21.6889
 49,21.7131
 47,21.7311
 46,21.7381
 44,21.7492
 53,21.7717
 39,21.7825
 38,21.7867
 37,21.7939
 35,21.8047
 33,21.8272
 52,21.8439
 31,21.8714
 51,21.8939
 52,21.9106
 51,21.9825
 50,22.0328
 53,22.0883
 54,22.105
 55,22.1272
 56,22.1328
 58,22.1494
 62,22.305
 64,22.3217
 67,22.3494
 69,22.3661
 70,22.3772
 26,22.3789
 71,22.3883
 72,22.4106
 72,22.555
 71,22.5661
 72,22.5883
 25,22.6361
 24,22.6425
 23,22.6497
 19,22.6931
 17,22.7483
 14,22.8075
 71,22.8164
 16,22.8403
 14,22.8961
 13,22.9069
 18,22.9611
 21,22.9756
 22,22.9792
 27,23.0044
 29,23.0225
 31,23.0333
 34,23.0478
 36,23.0547
 39,23.0694
 44,23.0983
 45,23.1056
 46,23.1128
 49,23.1269
 50,23.1308
 49,23.1344
 72,23.1608
 48,23.1631
 69,23.1828
 66,23.1997
 47,23.2139
 64,23.2164
 62,23.2331
 61,23.2386
 48,23.2428
 59,23.2497
 58,23.2553
 56,23.2664
 47,23.2714
 56,23.2831
 46,23.2944
 55,23.2997
 47,23.32
 54,23.3219
 55,23.3831
 57,23.4219
 59,23.4442
 48,23.4864
 47,23.4936
 61,23.5108
 47,23.5333
 46,23.5767
 47,23.6236
 57,23.6442
 56,23.6497
 55,23.6553
 53,23.6664
 52,23.6719
 50,23.6831
 53,23.7556
 53,23.7944
 55,23.8111
 58,23.8333
 60,23.8444
 49,23.8511
 50,23.8617
 51,23.8728
 61,23.8944
 54,23.9339
 54,23.9486
 62,48.1639
 61,48.1697
 71,48.23
 58,48.3103
 72,48.3356
 58,48.3503
 56,48.3989
 55,48.4061
 54,48.4278
 53,48.435
 74,48.5592
 52,48.605
 51,48.6086
 73,48.6097
 51,48.6375
 49,48.6592
 47,48.67
 46,48.6772
 45,48.6808
 38,48.7194
 36,48.7519
 35,48.7589
 30,48.8278
 29,48.835
 28,48.8386
 26,48.8492
 24,48.8603
 23,48.8672
 22,48.8783
 20,48.8928
 17,48.9433
 17,48.9867
 18,49.0083
 71,49.0183
 70,49.0294
 22,49.0858
 23,49.1033
 72,49.1128
 73,49.1294
 75,49.1739
 78,49.235
 77,49.2911
 78,49.3017
 74,49.3517
 67,49.3906
 64,49.4128
 62,49.4239
 61,49.4294
 60,49.4517
 56,49.4964
 54,49.5186
 55,49.5686
 56,49.5908
 57,49.6019
 61,49.6408
 27,49.6644
 64,49.7019
 65,49.7131
 29,49.715
 66,49.7186
 30,49.7222
 31,49.7331
 67,49.7464
 68,49.7519
 69,49.7575
 37,49.8056
 40,49.8389
 41,49.8428
 42,49.8536
 72,49.9006
 73,49.9061
 45,49.9367
 46,49.9439
 72,49.9561
 47,49.9586
 48,49.9728
 71,49.9783
 50,50.0017
 51,50.0089
 72,50.0617
 73,50.0728
 54,50.1897
 55,50.1933
 58,50.2256
 59,50.2464
 61,50.2608
 63,50.2936
 64,50.3008
 65,50.3117
 68,50.3442
 69,50.3514
 70,50.3622
 71,50.3731
 72,50.3803
 72,53.5872
 71,53.7519
 73,53.7539
 74,54.2531
 75,54.2678
 74,54.3072
 73,54.3292
 70,54.3631
 74,54.4375
 68,54.4742
 74,54.4772
 73,54.5314
 70,54.5353
 72,54.5556
 70,54.5964
 69,54.6239
 70,54.6961
 68,54.7433
 66,54.81
 65,54.8281
 63,54.8497
 62,54.8569
 61,54.8642
 60,54.8711
 59,54.8786
 69,54.8853
 58,54.8858
 57,54.8931
 56,54.9003
 54,54.9147
 53,54.9292
 69,55.0467
 54,55.0736
 69,55.08
 54,55.1061
 72,55.1133
 71,55.1356
 55,55.1642
 54,55.2111
 55,55.2147
 56,55.2256
 58,55.2453
 72,55.3133
 71,55.3911
 60,55.59
 63,55.655
 65,55.7308
 66,55.7633
 67,55.7922
 68,55.8322
 71,55.8911
 72,55.9594
 73,55.9847
 72,56.0531
 64,56.1967
 70,56.1978
 63,56.2244
 61,56.2522
 57,56.2911
 71,56.4094
 72,56.4847
 55,56.4856
 54,56.5578
 53,56.58
 72,56.5886
 71,56.6103
 52,56.6133
 51,56.6522
 50,56.6689
 49,56.68
 48,56.7022
 70,56.8272
 69,56.8381
 68,56.8489
 49,56.8578
 66,56.8703
 65,56.8872
 51,56.9078
 64,56.9161
 63,56.9414
 56,57.1003
 57,57.1617
 58,57.1689
 59,57.1797
 62,57.2211
 63,57.2467
 64,57.3044
 65,57.3114
 66,57.3333
 68,57.3514
 70,57.3964
 71,57.4208
 70,57.485
 70,57.5444
 71,57.595
 51,58.2969
 50,58.3192
 49,58.3358
 48,58.3469
 47,58.3692
 46,58.3858
 45,58.4025
 44,58.4192
 43,58.4303
 40,58.4525
 39,58.4581
 38,58.4636
 36,58.5025
 35,58.5081
 34,58.5192
 33,58.5914
 32,58.8136
 70,59.0292
 49,59.2692
 68,59.2719
 51,59.2858
 52,59.2969
 53,59.3025
 54,59.3081
 55,59.3136
 57,59.3247
 58,59.3358
 64,59.3531
 63,59.3564
 62,59.3636
 62,59.3747
 64,59.3803
 60,59.3928
 65,59.3969
 67,59.4136
 59,59.5414
 68,59.6525
 69,59.6747
 70,59.7581
 60,59.7694
 58,59.8417
 59,59.8669
 70,59.8692
 69,59.8747
 57,59.8958
 65,59.9025
 64,59.9136
 56,59.9175
 62,59.9414
 61,59.9469
 60,59.9525
 59,59.9636
 58,59.9692
 57,59.9747
 55,59.9914
 58,59.9917
 54,59.9969
 53,60.0025
 52,60.0081
 61,60.0264
 51,60.0303
 49,60.0469
 48,60.0692
 47,60.08
 63,60.1406
 64,60.155
 65,60.1731
 47,60.1747
 47,60.1914
 66,60.2308
 69,60.3989
 70,60.4386
 71,60.5056
 74,60.5886
 72,60.6392
 70,60.6669
 71,60.6886
 70,60.7067
 70,60.7656
 69,60.7697
 65,60.8039
 62,60.8367
 61,60.8439
 47,60.8469
 60,60.8511
 58,60.8656
 57,60.8728
 54,60.8944
 50,60.9297
 48,60.9431
 47,60.9503
 46,60.9572
 45,60.9611
 44,60.9683
 36,61.0247
 32,61.0897
 30,61.1222
 48,61.1358
 50,61.1914
 32,61.2078
 33,61.2364
 34,61.2692
 35,61.2725
 36,61.28
 51,61.3136
 53,61.4306
 54,61.4417
 55,61.4639
 56,61.475
 39,61.5567
 40,61.5625
 40,61.5842
 56,61.5861
 41,61.5914
 42,61.5986
 55,61.6139
 54,61.6194
 52,61.6472
 51,61.6639
 49,61.6806
 57,61.7075
 58,61.7167
 59,61.7239
 61,61.7383
 63,61.7564
 50,61.775
 64,61.7853
 51,61.7972
 67,61.8106
 68,61.8178
 69,61.8575
 55,61.9028
 70,61.9189
 56,61.925
 57,61.9361
 58,61.9531
 72,61.9711
 59,61.975
 60,62.1031
 61,62.1194
 62,62.2031
 73,62.2161
 72,62.2378
 73,62.2794
 65,62.3233
 64,62.4233
 63,62.4456
 62,62.4622
 58,62.49
 56,62.5122
 71,62.6369
 68,62.6792
 66,62.7403
 64,62.7764
 63,62.7908
 62,62.7981
 61,62.8089
 58,62.8417
 57,62.8678
 58,62.9011
 59,62.9247
 61,63.0456
 59,63.0764
 64,63.0956
 61,63.1017
 63,63.1342
 65,63.1486
 68,63.2533
 65,63.4011
 63,63.4408
 70,63.4947
 72,63.5844
 73,63.6892
 64,63.7236
 72,63.7325
 65,63.7903
 64,63.9294
 65,63.9458
 65,63.9792
 66,63.9903
 68,64.1181
 71,64.1503
 69,64.1569
 70,64.1958
 70,64.2878
 68,64.2903
 71,64.3456
 68,64.3458
 69,64.3569
 72,64.5267
 71,64.5558
 68,64.5847
 67,64.635
 72,64.6831
 73,64.6903
 68,64.7236
 70,64.7903
 72,65.035
 72,65.0453
 70,65.1789
 63,65.2597
 62,65.2961
 61,65.3108
 72,65.3683
 71,65.4072
 72,65.4239
 74,65.5128
 58,65.6194
 73,65.635
 57,65.6628
 56,65.6736
 54,65.7169
 72,65.7183
 52,65.7928
 51,65.8217
 53,65.9519
 56,66.0025
 59,66.0278
 60,66.0747
 61,66.1328
 60,66.1692
 61,66.1761
 62,66.3292
 63,66.6083
 72,66.7167
 64,66.7711
 71,66.7781
 72,66.8725
 64,66.9086
 69,67.4386
 64,67.4869
 70,67.5164
 71,67.6275
 63,67.6408
 72,67.6497
 61,67.7025
 73,67.7442
 72,67.7886
 71,67.8331
 72,67.8608
 71,67.9775
 56,68.01
 52,68.2058
 51,68.2239
 52,68.2347
 51,68.2383
 50,68.4592
 50,68.5097
 48,68.5278
 47,68.5314
 46,68.5386
 39,68.5842
 38,68.5878
 37,68.5914
 34,68.6331
 72,68.6831
 31,68.8086
 30,68.8231
 28,68.8664
 26,68.9819
 25,69.0697
 72,69.1164
 29,69.3614
 31,69.4011
 32,69.4156
 71,69.4386
 33,69.4914
 72,69.5108
 34,69.5167
 37,69.5311
 38,69.5383
 39,69.5456
 40,69.5492
 45,69.5878
 46,69.6094
 47,69.6419
 48,69.6489
 50,69.6636
 52,69.6781
 72,69.8497
 53,69.8531
 52,69.8856
 51,69.9
 50,69.9142
 48,69.9542
 72,69.9553
 71,69.9997
 45,70.1475
 44,70.1511
 40,70.2047
 39,70.2086
 38,70.2197
 35,70.2594
 34,70.2775
 33,70.2883
 32,70.2919
 30,70.3028
 27,70.3225
 25,70.3442
 24,70.3514
 25,70.3839
 21,70.4814
 22,70.55
 72,70.7164
 71,70.8942
 22,70.9986
 72,71.1553
 23,71.3489
 24,71.36
 26,71.4211
 27,71.4286
 24,71.7392
 21,71.8511
 21,71.9167
 22,71.9347
 23,71.9489
 22,71.9528
 23,71.9564
 62,72.1578
 61,72.1633
 58,72.18
 57,72.1856
 55,72.1978
 53,72.2103
 52,72.2131
 50,72.2242
 48,72.2353
 47,72.2408
 25,72.2511
 45,72.2519
 44,72.2575
 42,72.2686
 40,72.2797
 26,72.2906
 38,72.2908
 37,72.2964
 36,72.3019
 35,72.3075
 33,72.3186
 32,72.3242
 30,72.3353
 29,72.3408
 28,72.3464
 27,72.3575
 26,72.5244
 27,72.5578
 26,72.5633
 28,72.5656
 27,72.58
 28,72.5856
 31,72.6197
 33,72.6378
 29,72.6856
 30,72.6967
 34,72.7411
 35,72.7467
 37,72.7856
 40,72.8189
 41,72.83
 42,72.8522
 43,72.8578
 44,72.8633
 45,72.8744
 46,72.8856
 50,72.9244
 53,72.9522
 54,72.9633
 57,73.0244
 61,73.0522
 62,73.0578
 63,73.0689
 38,73.0725
 39,73.0869
 64,73.0967
 65,73.1078
 66,73.1189
 67,73.1856
 68,73.1967
 69,73.2133
 48,73.2419
 49,73.2781
 68,73.3636
 67,73.3744
 68,73.4136
 69,73.4247
 70,73.4747
 71,73.5358
 71,73.6303
 50,73.7889
 52,73.8069
 56,73.8392
 57,73.8431
 72,73.8525
 59,73.8572
 73,73.8581
 60,73.8647
 61,73.8683
 64,73.89
 66,73.9081
 70,74.0092
 72,74.0914
 73,74.1136
 71,74.1739
 73,74.1919
 72,76.1122
 72,77.7747
 71,77.7858
 69,77.8636
 73,78.1442
 74,78.1728
 75,78.1908
 74,78.2236
 73,78.2344
 74,78.2417
 73,78.2561
 73,78.3097
 74,78.3269
 73,78.3486
 73,78.4361
 72,78.4631
 69,78.4811
 64,78.5156
 61,78.5444
 61,78.5553
 60,78.5697
 60,78.6203
 61,78.6347
 60,78.6492
 61,78.6528
 69,78.6969
 62,78.7647
 70,78.7914
 64,78.8261
 69,78.8358
 65,78.8478
 66,78.8622
 70,78.8692
 67,78.9019
 69,78.9133
 68,78.9344
 70,78.9922
 68,79.0636
 72,79.0736
 73,79.1039
 69,79.1081
 70,79.1247
 72,79.1478
 68,79.2914
 65,79.3136
 64,79.3192
 62,79.3414
 61,79.3469
 60,79.3581
 59,79.3636
 58,79.4525
 71,79.5125
 57,79.5358
 69,79.6061
 69,79.6964
 73,79.9783
 57,79.9914
 71,80.13
 70,80.1842
 56,80.1917
 68,80.2781
 55,80.325
 70,80.3967
 71,80.4042
 73,80.4714
 58,80.4731
 59,80.4903
 61,80.5236
 63,80.5903
 64,80.6014
 65,80.6069
 66,80.6125
 67,80.6236
 73,80.6686
 68,80.6792
 72,80.7083
 69,80.7406
 70,80.7572
 70,80.9631
 63,81.1017
 62,81.1072
 77,81.1275
 59,81.1294
 56,81.1517
 55,81.1572
 54,81.1628
 51,81.185
 75,81.1853
 49,81.2072
 48,81.2183
 46,81.2294
 45,81.2406
 44,81.2461
 43,81.2961
 73,81.3417
 41,81.4017
 43,81.4517
 72,81.4572
 42,81.5294
 41,81.5406
 39,81.5628
 38,81.5906
 37,81.6072
 33,81.6961
 71,81.7122
 71,81.8061
 33,82.0106
 70,82.4536
 74,82.5189
 72,82.7158
 70,82.7961
 70,82.9061
 36,82.9831
 37,83.0275
 38,83.0719
 71,83.1072
 36,83.1108
 35,83.1497
 72,83.1686
 72,83.3353
 36,83.3778
 73,83.4075
 37,83.4222
 72,83.4403
 36,83.4778
 69,83.4836
 68,83.4978
 37,83.5222
 66,83.555
 65,83.5608
 64,83.5681
 39,83.5767
 63,83.5789
 61,83.6042
 40,83.61
 58,83.6294
 57,83.6367
 56,83.6403
 55,83.6511
 52,83.6692
 51,83.6764
 42,83.6822
 49,83.6944
 47,83.7089
 46,83.7158
 44,83.7336
 41,83.7433
 42,83.7486
 41,83.7519
 40,83.7544
 37,83.7825
 36,83.7864
 43,83.7933
 35,83.7936
 45,83.8044
 49,83.8433
 51,83.8989
 52,83.91
 32,83.935
 54,83.9656
 33,83.9892
 35,84.0303
 58,84.1433
 59,84.1544
 36,84.5756
 65,84.5878
 38,84.6156
 41,84.6658
 44,84.7094
 47,84.7528
 50,84.7889
 51,84.7997
 52,84.8142
 54,84.8431
 57,84.8936
 58,84.9044
 62,84.9581
 63,84.9639
 65,84.9806
 67,85.0275
 68,85.0383
 67,85.0711
 68,85.1308
 66,85.4269
 69,85.5033
 70,85.5683
 68,85.59
 67,85.5972
 66,85.6044
 65,85.6189
 70,85.6714
 64,85.8089
 76,85.8492
 78,85.8936
 72,86.0881
 66,86.0894
 71,86.0992
 70,86.1267
 68,86.2053
 69,86.2828
 66,86.2933
 65,86.3014
 68,86.3997
 67,86.4242
 67,86.6539
 66,86.69
 69,86.7717
 69,87.0014
 66,87.1961
 71,87.1983
 73,87.3089
 72,87.345
 67,87.3461
 73,87.3669
 72,87.4572
 73,87.4644
 73,87.5908
 72,87.64
 66,87.8075
 67,87.8742
 68,87.8908
 68,88.4444
 70,88.4464
 71,88.4797
 66,88.5097
 72,88.5186
 64,88.5314
 62,88.5656
 61,88.6128
 60,88.6236
 59,88.6308
 71,88.6394
 72,88.6783
 56,88.985
 56,89.0392
 57,89.05
 58,89.0572
 59,89.0681
 60,89.1781
 66,89.9047
 66,90.1756
 67,90.3081
 72,90.3953
 70,90.4119
 68,90.4286
 67,90.4397
 66,90.4453
 65,90.4619
 64,90.4675
 62,90.5175
 61,90.5231
 59,90.6342
 68,90.6478
 60,90.7453
 59,90.8161
 69,90.8214
 70,90.9358
 60,91.2003
 71,91.2317
 61,91.2672
 68,91.3708
 63,91.4483
 66,91.4572
 64,91.4897
 63,91.5175
 64,91.595
 65,91.6542
 66,91.6611
 65,91.7553
 66,91.7589
 65,91.8364
 64,91.8436
 63,91.8508
 62,91.8581
 70,91.8597
 71,91.8708
 60,91.9122
 72,91.9153
 59,91.9233
 58,91.9306
 71,91.9431
 52,92.0117
 51,92.0878
 52,92.1131
 53,92.1347
 54,92.1747
 72,92.1803
 56,92.2072
 59,92.2394
 62,92.3611
 73,92.3653
 63,92.3756
 64,92.3864
 72,92.3986
 68,92.4264
 65,92.4486
 63,92.4708
 65,92.4769
 62,92.4819
 61,92.4875
 60,92.4931
 66,92.5636
 59,92.6097
 68,92.6358
 57,92.7375
 70,92.7514
 56,92.7764
 73,92.8036
 74,92.8075
 75,92.8219
 56,92.9211
 57,92.9767
 60,93.0767
 63,93.11
 64,93.1211
 63,93.2544
 62,93.3042
 61,93.36
 58,93.4544
 59,93.5322
 62,93.5658
 63,93.5714
 64,93.5881
 69,93.5978
 67,93.6436
 70,93.6556
 69,93.7325
 70,93.8214
 73,93.8908
 72,93.9769
 71,94.1269
 69,94.1381
 68,94.1492
 66,94.1603
 71,94.1744
 62,94.2047
 61,94.2158
 70,94.2378
 71,94.3244
 72,94.3933
 60,94.4381
 59,94.4714
 58,94.4825
 57,94.4992
 56,94.5047
 71,94.5339
 53,94.5436
 52,94.5547
 51,94.5769
 70,94.6661
 52,94.7106
 52,94.7606
 51,94.7772
 49,94.7939
 48,94.805
 47,94.8106
 46,94.8161
 45,94.8217
 40,94.8661
 39,94.8717
 38,94.8772
 36,94.8883
 35,94.8994
 33,94.9106
 30,94.9217
 28,94.9828
 72,94.9972
 73,95.0069
 28,95.1272
 27,95.1328
 25,95.1492
 23,95.1606
 22,95.1772
 20,95.1994
 74,95.2092
 17,95.2661
 16,95.2772
 73,95.2983
 72,95.3089
 71,95.32
 16,95.3217
 70,95.3236
 15,95.3606
 65,95.3647
 64,95.3714
 63,95.3797
 60,95.4122
 18,95.4161
 19,95.4272
 61,95.4483
 60,95.4808
 60,95.5097
 61,95.5131
 59,95.5422
 59,95.6472
 21,95.7661
 23,95.7828
 58,95.8242
 28,95.8328
 57,95.835
 33,95.8583
 34,95.8639
 55,95.8661
 35,95.875
 36,95.8806
 37,95.8861
 40,95.9028
 41,95.9083
 56,95.9094
 55,95.9203
 54,95.9275
 53,95.9456
 41,95.9694
 42,95.975
 44,95.9972
 47,96.0139
 52,96.1417
 54,96.1556
 53,96.1639
 55,96.1972
 56,96.2617
 58,96.2694
 57,96.2728
 59,96.2806
 60,96.2861
 59,96.2978
 62,96.3414
 64,96.3558
 65,96.3667
 66,96.3775
 67,96.3847
 68,96.3919
 69,96.3992
 70,96.41
 71,96.4208
 72,96.4242
 73,96.4317
 74,96.4353
 65,96.4361
 75,96.4461
 66,96.4586
 76,96.4603
 65,96.4642
 64,96.4697
 77,96.475
 62,96.4919
 61,96.5242
 76,96.5511
 60,96.5906
 58,96.6017
 74,96.6414
 54,96.6739
 73,96.6881
 73,96.7136
 52,96.7183
 72,96.7425
 51,96.7517
 73,96.7642
 75,96.7817
 52,96.8128
 51,96.8294
 78,96.8347
 50,96.8517
 79,96.8561
 80,96.8672
 82,96.8961
 81,97.02
 52,97.2517
 77,97.2914
 56,97.3683
 73,97.3847
 57,97.385
 72,97.3958
 71,97.4031
 70,97.4103
 54,97.4128
 69,97.4139
 70,97.4211
 55,97.4572
 54,97.4792
 55,97.5017
 57,97.5461
 59,97.5739
 61,97.5906
 63,97.6683
 64,97.6739
 67,97.7128
 72,97.7661
 73,97.8094
 70,97.835
 73,97.8739
 72,97.9239
 76,97.9289
 77,97.9453
 75,98.0233
 74,98.0414
 71,98.7211
 70,98.7319
 71,98.7428
 72,98.7569
 72,101.7669
 70,101.7947
 72,102.5433
 72,102.5797
 71,102.5978
 71,102.6194
 72,102.6764
 74,102.6903
 74,102.7261
 73,102.7519
 72,102.7628
 70,102.8292
 69,102.9633
 68,102.985
 68,103.1403
 68,103.2586
 67,103.3181
 70,103.3394
 64,103.3653
 66,103.4333
 68,103.4611
 70,103.5286
 68,103.6008
 69,103.6431
 70,103.6564
 71,103.6619
 72,103.6675
 73,103.6786
 76,103.7008
 77,103.7175
 68,103.7358
 76,103.7675
 75,103.7842
 74,103.7897
 73,103.8175
 66,103.8311
 65,103.8456
 64,103.8672
 72,103.8675
 58,103.9261
 56,103.9564
 55,103.9631
 54,103.9717
 53,104.0006
 52,104.0114
 51,104.0222
 52,104.0367
 51,104.0439
 53,104.1561
 54,104.1706
 55,104.185
 56,104.1958
 59,104.2306
 73,104.2731
 71,104.3397
 71,104.3897
 69,104.4397
 58,104.4653
 59,104.4978
 62,104.5267
 63,104.5339
 67,104.54
 64,104.5411
 66,104.5511
 67,104.57
 64,104.5733
 68,104.5808
 69,104.5917
 60,104.7122
 61,104.7622
 61,105.3622
 60,105.4122
 57,105.4456
 52,105.4753
 50,105.4886
 49,105.4997
 47,105.5164
 46,105.5219
 45,105.5275
 42,105.5497
 40,105.5608
 38,105.5719
 37,105.5775
 35,105.5942
 34,105.6053
 30,105.6331
 28,105.6497
 27,105.7219
 26,105.7442
 22,105.7886
 21,105.7997
 23,105.9264
 24,106.0264
 25,106.0319
 27,106.2042
 70,106.2464
 30,106.2597
 31,106.2708
 32,106.2764
 33,106.2819
 69,106.2922
 37,106.3042
 39,106.3153
 41,106.3264
 42,106.3319
 43,106.3375
 45,106.3542
 48,106.3708
 50,106.3875
 52,106.4042
 53,106.4097
 56,106.4375
 59,106.4597
 68,106.5011
 64,106.5483
 61,106.8097
 63,106.9375
 67,107.0153
 68,107.0319
 61,107.0403
 70,107.1208
 72,107.1597
 72,107.1931
 74,107.2711
 75,107.2822
 76,107.2878
 77,107.2989
 79,107.4211
 80,107.4322
 81,107.4544
 82,107.4822
 81,107.7489
 80,107.76
 62,107.8203
 63,107.8383
 64,107.8672
 65,107.8817
 66,107.8925
 67,107.9142
 69,107.9575
 70,107.9828
 71,108.0525
 72,108.1614
 71,108.6575
 72,108.6647
 72,108.8342
 75,109.4156
 73,109.4656
 71,109.5211
 72,109.6544
 71,110.2267
 68,110.2767
 67,110.3211
 72,110.4244
 64,110.4378
 63,110.4489
 62,110.46
 61,110.4656
 60,110.4767
 58,110.5156
 57,110.5433
 56,110.5767
 71,110.6744
 56,110.7992
 57,110.8047
 58,110.8158
 59,110.8269
 59,110.8769
 59,110.9103
 56,110.9825
 54,111.0383
 53,111.0883
 55,111.1994
 56,111.2772
 59,111.5383
 60,111.5494
 62,111.6272
 64,111.6494
 65,111.6772
 69,111.905
 70,111.9772
 75,112.3842
 71,112.3883
 72,112.4272
 75,112.6886
 74,112.6956
 72,112.7164
 69,112.8378
 67,112.8589
 66,112.8769
 64,112.9164
 63,112.9311
 60,112.9686
 59,112.975
 57,112.9875
 57,113.0744
 74,113.0997
 73,113.1775
 71,113.2275
 59,113.2622
 72,113.3331
 60,113.3633
 62,113.3778
 63,113.3922
 64,113.4139
 65,113.4319
 67,113.4897
 69,113.5258
 70,113.7783
 70,113.8072
 71,113.8928
 73,113.965
 74,113.9942
 71,114.0231
 70,114.0897
 73,114.22
 71,114.3331
 74,114.3617
 71,114.5608
 71,114.5725
 71,114.6831
 74,114.7469
 71,114.9664
 72,115.4608
 73,115.7011
 74,115.7119
 78,115.7617
 72,115.7872
 77,115.8192
 78,115.8747
 77,115.8858
 75,115.9236
 70,115.9633
 67,115.9886
 66,115.9958
 63,116.0283
 56,116.085
 55,116.0922
 54,116.2008
 55,116.2117
 72,116.3039
 56,116.3053
 70,116.3206
 67,116.3428
 66,116.3539
 65,116.3594
 61,116.4025
 59,116.4578
 58,116.4822
 61,116.5139
 60,116.5639
 61,116.6306
 58,116.6897
 56,116.7144
 60,116.7194
 57,116.7253
 59,116.7306
 56,116.7694
 55,116.8372
 57,116.8594
 53,116.9061
 58,116.9083
 59,116.9194
 52,116.9242
 60,116.975
 61,117.0361
 63,117.1961
 64,117.2017
 54,117.2025
 65,117.2183
 66,117.2294
 67,117.235
 69,117.2517
 70,117.2794
 71,117.3017
 60,117.3089
 60,117.3269
 61,117.3414
 65,117.3883
 66,117.3956
 68,117.4172
 72,117.4294
 69,117.5489
 70,117.6247
 70,117.8619
 69,117.8875
 72,117.9128
 71,117.9183
 72,117.9461
 73,117.9572
 74,117.9847
 74,117.9961
 71,118.0106
 75,118.0239
 78,118.1511
 71,118.1519
 79,118.1622
 81,118.1767
 82,118.1872
 83,118.1947
 84,118.2019
 85,118.2053
 90,118.2489
 72,118.2797
 71,118.3075
 99,118.3733
 71,118.6717
 98,118.75
 97,118.7572
 95,118.7789
 90,118.8114
 88,118.8222
 87,118.8258
 84,118.8583
 77,118.9431
 75,118.9611
 74,118.9683
 73,118.9719
 72,118.9792
 71,118.9864
 69,119.0008
 67,119.0153
 65,119.0297
 64,119.0406
 58,119.1533
 55,119.1858
 53,119.2147
 52,119.2219
 51,119.2364
 73,119.3156
 71,119.36
 69,119.3711
 67,119.3878
 66,119.4211
 65,119.4322
 67,119.5189
 68,119.5481
 70,119.5969
 72,119.6136
 73,119.6192
 73,119.6358
 71,119.6906
 70,119.6922
 51,119.7786
 50,119.7858
 51,119.8003
 71,119.8058
 51,119.8328
 53,119.8436
 54,119.8508
 55,119.8617
 58,119.8906
 59,119.8978
 61,119.9122
 73,119.9372
 64,119.9628
 72,119.9706
 71,119.9817
 70,119.9872
 67,119.9953
 68,119.9983
 73,120.1456
 60,120.1483
 61,120.1706
 72,120.2469
 72,120.2797
 69,120.3267
 68,120.3339
 67,120.3664
 59,120.415
 57,120.4372
 58,120.4483
 59,120.465
 65,120.4681
 60,120.4706
 61,120.4817
 63,120.4897
 61,120.5039
 60,120.5206
 64,120.5583
 63,120.5728
 61,120.6431
 60,120.6542
 59,120.6597
 64,120.6633
 57,120.6819
 65,120.6886
 57,120.6986
 67,120.7067
 59,120.7208
 60,120.7264
 70,120.7861
 71,120.8228
 70,120.8372
 72,121.0
 62,121.0042
 63,121.0153
 64,121.0208
 65,121.0319
 73,121.0397
 67,121.0431
 70,121.0653
 71,121.0708
 78,121.1767
 81,121.2711
 82,121.2878
 71,121.3278
 71,121.3711
 80,121.3989
 79,121.4211
 78,121.4375
 73,121.4731
 73,121.5181
 74,121.5458
 73,121.5514
 73,121.6125
 73,121.6792
 74,121.6833
 73,121.7736
 73,121.8119
 76,121.8939
 76,121.9156
 75,121.9336
 74,121.9408
 71,121.9514
 71,121.9625
 72,121.9903
 72,121.9975
 73,122.0336
 74,122.0517
 75,122.0803
 76,122.1058
 76,122.1564
 74,122.1781
 73,122.2033
 73,122.3406
 72,122.3622
 71,122.7189
 72,122.8019
 72,123.0989
 73,123.1822
 72,125.8603
 71,125.8658
 70,125.8769
 72,126.2542
 73,126.2647
 74,126.2794
 75,126.2975
 73,126.3444
 74,126.3517
 73,126.3625
 73,126.6547
 73,126.7236
 72,126.7586
 70,126.8272
 65,126.8611
 64,126.865
 61,126.8939
 60,126.9192
 60,126.9628
 61,126.9772
 60,126.9881
 62,127.0925
 67,127.2119
 63,127.4619
 62,127.48
 60,127.4908
 61,127.5269
 60,127.5522
 61,127.5558
 65,127.7039
 72,127.7097
 67,127.7797
 68,127.8086
 69,127.8267
 70,127.8558
 74,127.8708
 75,127.8819
 71,127.8828
 72,127.9064
 74,127.9153
 75,127.9375
 74,127.9542
 73,127.9653
 72,127.9819
 71,127.9875
 74,127.9936
 69,128.0042
 77,128.0658
 76,128.0878
 74,128.1344
 66,128.1433
 72,128.2736
 68,128.4347
 69,128.4744
 65,128.51
 63,128.5211
 61,128.5378
 70,128.5483
 60,128.5656
 73,128.5739
 58,128.6433
 57,128.6711
 73,128.6753
 58,128.7103
 74,128.7369
 60,128.7378
 73,128.7622
 61,128.7656
 72,128.7767
 71,128.7875
 64,128.8267
 66,129.9767
 67,130.0433
 67,130.1044
 66,130.1267
 69,130.4539
 69,130.4825
 70,130.4936
 71,130.5714
 68,130.5811
 73,130.6158
 73,130.7547
 68,130.7619
 69,130.7731
 72,130.7881
 64,130.8433
 62,130.865
 60,130.8794
 59,130.8867
 60,130.9083
 72,130.9325
 58,130.9661
 71,130.9825
 70,130.9936
 68,131.0103
 67,131.0158
 64,131.0825
 58,131.1172
 66,131.1381
 66,131.3103
 65,131.3492
 73,131.555
 64,131.5714
 72,131.5883
 71,131.5994
 66,131.6381
 67,131.6814
 68,131.7067
 74,131.7217
 69,131.7283
 70,131.8022
 71,132.0431
 70,132.0536
 65,132.0956
 64,132.0992
 63,132.1131
 61,132.1314
 74,132.2661
 60,132.2833
 59,132.2906
 73,132.305
 54,132.3533
 53,132.3714
 52,132.3822
 51,132.4075
 53,132.5378
 56,132.5811
 59,132.6092
 72,132.705
 71,132.7883
 72,132.8719
 72,132.8978
 75,132.9256
 77,132.9686
 75,133.0131
 75,133.1522
 74,133.1689
 72,133.2022
 71,133.2078
 71,133.2633
 70,133.2967
 69,133.3244
 68,133.3467
 69,133.3897
 56,133.4428
 55,133.4572
 54,133.5475
 53,133.5872
 55,133.8689
 57,133.9594
 58,133.9703
 70,134.0828
 68,134.1408
 70,134.1936
 67,134.2019
 65,134.2464
 64,134.2631
 63,134.2797
 62,134.3242
 71,134.3311
 73,134.4286
 65,134.4464
 66,134.4686
 68,134.4908
 69,134.5019
 68,134.5075
 69,134.5464
 73,134.5897
 70,134.5908
 74,134.6222
 74,134.6892
 71,134.7356
 73,134.7783
 74,134.7925
 72,134.8203
 70,134.8356
 69,134.8689
 73,134.8808
 68,134.9133
 69,134.9522
 74,134.9717
 71,134.9856
 72,135.1831
 73,135.2425
 71,135.2847
 73,135.4736
 72,135.5331
 72,135.5856
 74,135.5997
 73,135.6036
 75,135.6164
 72,135.6422
 75,135.7219
 74,135.7664
 73,135.7831
 72,135.7942
 71,135.8053
 70,135.8831
 69,135.8994
 68,135.9108
 68,135.9331
 71,136.1747
 69,136.1928
 70,136.2069
 71,136.2175
 70,136.4114
 72,136.4758
 70,136.5039
 71,136.6872
 72,136.8039
 71,136.8142
 72,136.8214
 71,136.9094
 71,136.9372
 72,136.9592
 73,137.1725
 72,137.2317
 73,137.2969
 72,137.3156
 74,137.3303
 75,137.3414
 77,137.3969
 78,137.4469
 76,137.4914
 75,137.5025
 73,137.5553
 74,137.5625
 72,137.5917
 72,137.6742
 71,137.7019
 72,137.7519
 71,137.7964
 77,137.8056
 72,137.8242
 76,137.8489
 75,137.8706
 76,137.9031
 74,137.9681
 72,138.0075
 73,138.0078
 72,138.0256
 73,138.0933
 74,138.1042
 76,138.1222
 72,138.1389
 78,138.1597
 75,138.4336
 74,138.4378
 73,138.6519
 71,138.6833
 70,138.7147
 69,138.7256
 72,138.7889
 68,138.8747
 67,138.9175
 63,138.9644
 62,138.9717
 59,139.0872
 58,139.2344
 61,139.3247
 65,139.5561
 67,139.6067
 66,139.6178
 72,139.7056
 69,139.7064
 74,139.9025
 72,139.9167
 73,139.9278
 72,139.9833
 71,139.9883
 70,139.9992
 69,140.0172
 68,140.075
 73,140.0781
 65,140.1053
 63,140.1275
 72,140.1336
 73,140.1447
 62,140.1489
 61,140.16
 74,140.1669
 72,140.2169
 73,140.2336
 71,140.2892
 60,140.3044
 67,140.3836
 66,140.3947
 65,140.4058
 64,140.4225
 62,140.4447
 61,140.4558
 60,140.4669
 59,140.4725
 58,140.4836
 55,140.5058
 53,140.5169
 52,140.5281
 51,140.5336
 50,140.5392
 60,140.5394
 49,140.5503
 45,140.5781
 60,140.5792
 59,140.5936
 42,140.5947
 40,140.6114
 38,140.6336
 37,140.6392
 58,140.6589
 35,140.6614
 34,140.6669
 32,140.6919
 30,140.7081
 29,140.7136
 28,140.7192
 27,140.7303
 26,140.7358
 24,140.7525
 23,140.7581
 21,140.7858
 22,140.7914
 58,140.8325
 21,140.8358
 22,140.8525
 57,140.8906
 58,140.8975
 59,140.9447
 59,140.9592
 58,141.0281
 57,141.185
 56,141.1994
 25,141.2581
 26,141.2858
 28,141.3025
 31,141.3192
 55,141.3294
 52,141.3758
 50,141.3989
 47,141.4294
 44,141.4553
 43,141.4661
 38,141.4692
 40,141.4969
 42,141.5303
 44,141.5528
 43,141.5636
 44,141.5747
 43,141.5914
 44,141.6025
 46,141.6136
 48,141.6247
 50,141.6969
 50,141.7469
 51,141.7581
 53,141.7692
 56,141.7914
 57,141.8025
 58,141.8081
 59,141.8136
 61,141.8303
 62,141.8358
 65,141.8636
 66,141.8803
 67,141.8969
 69,141.9136
 70,141.9192
 47,141.9253
 48,141.9347
 71,141.9358
 72,141.9469
 51,141.9578
 73,141.9581
 52,141.965
 53,141.9722
 72,141.9747
 54,141.9794
 56,141.9975
 57,142.0011
 73,142.0025
 58,142.0083
 59,142.0156
 63,142.1189
 65,142.1369
 66,142.1514
 71,142.1583
 68,142.1694
 69,142.1767
 71,142.2378
 71,142.2814
 73,142.3125
 74,142.3197
 76,142.3653
 71,142.3903
 70,142.3958
 69,142.4069
 68,142.4125
 67,142.4236
 64,142.4456
 62,142.4681
 60,142.5014
 77,142.505
 61,142.5517
 62,142.585
 63,142.5961
 76,142.7133
 64,142.7461
 73,142.7569
 63,142.7739
 72,142.815
 65,142.8183
 69,142.9017
 71,142.9072
 72,142.9744
 73,143.0128
 72,143.1797
 72,143.3111
 73,143.3292
 71,143.5464
 70,143.5967
 71,143.6019
 72,143.6242
 74,143.6742
 72,143.9467
 73,144.2114
 74,144.2225
 75,144.2336
 77,144.2447
 77,144.2669
 76,144.4336
 75,144.4503
 73,144.5003
 74,144.5503
 74,144.6156
 73,144.7128
 74,144.8825
 74,145.0103
 74,145.0547
 75,145.1436
 74,145.1603
 73,145.2325
 71,145.3311
 70,145.3533
 71,145.7536
 72,145.8036
 71,145.8314
 72,145.8425
 73,145.8536
 73,146.8794
 72,147.0461
 71,149.5314
 70,149.5425
 69,149.5869
 73,149.7125
 75,149.745
 73,149.8061
 74,149.8136
 72,149.8569
 73,149.8603
 73,149.9292
 74,149.9436
 73,149.9978
 72,150.0122
 73,150.0303
 72,150.0483
 71,150.0881
 70,150.1242
 68,150.1803
 68,150.2456
 67,150.3122
 66,150.3194
 65,150.3447
 64,150.3628
 61,150.3844
 59,150.4131
 70,150.4314
 55,150.4556
 69,150.4647
 54,150.4658
 68,150.4869
 53,150.4875
 52,150.4947
 51,150.52
 52,150.5344
 69,150.5369
 51,150.5381
 68,150.5425
 65,150.5814
 63,150.6311
 53,150.6358
 54,150.6644
 56,150.69
 59,150.7169
 62,150.725
 68,150.7972
 70,150.8139
 58,150.8294
 59,150.8331
 72,150.8417
 74,150.8583
 73,150.9083
 60,150.9703
 71,150.9806
 61,150.9811
 62,150.9883
 65,151.0858
 68,151.1306
 67,151.1417
 67,151.1436
 65,151.1694
 64,151.1861
 68,151.1906
 62,151.1969
 61,151.2083
 60,151.2306
 56,151.275
 55,151.2806
 71,151.2864
 73,151.3442
 52,151.3694
 72,151.3742
 71,151.3922
 51,151.4028
 72,151.4325
 73,151.4722
 74,151.5408
 72,151.6022
 71,151.7053
 70,151.7519
 52,151.7753
 67,151.9147
 51,151.9586
 69,151.9983
 50,152.0142
 68,152.0942
 65,152.1972
 60,152.2839
 59,152.2911
 57,152.3056
 56,152.3128
 50,152.5697
 48,152.6697
 58,152.6742
 59,152.6886
 47,152.7086
 62,152.8042
 65,152.8439
 67,152.8583
 69,152.88
 50,152.9142
 67,152.9742
 69,153.095
 54,153.0975
 56,153.1753
 71,153.1872
 57,153.2253
 63,153.2714
 66,153.3064
 68,153.3231
 70,153.3464
 71,153.3719
 72,153.3792
 72,153.3842
 76,153.4175
 73,153.4547
 79,153.4564
 83,153.4897
 86,153.5119
 88,153.5286
 90,153.5453
 96,153.6008
 97,153.6064
 70,153.6219
 98,153.6286
 98,154.0511
 97,154.4011
 90,154.4733
 89,154.4789
 88,154.4844
 87,154.4956
 85,154.5178
 84,154.5233
 82,154.54
 79,154.5622
 78,154.5733
 77,154.59
 76,154.6178
 73,154.6456
 69,154.6778
 68,154.6875
 69,155.0208
 69,155.5311
 67,155.6261
 67,155.6542
 65,155.6547
 63,155.6694
 62,155.6767
 61,155.6803
 66,155.7097
 59,155.8103
 56,155.8353
 55,155.8428
 54,155.85
 53,155.8572
 52,155.8644
 50,155.8861
 49,155.8894
 48,155.9006
 47,155.9075
 37,155.9719
 33,156.0031
 32,156.0428
 30,156.1006
 29,156.1403
 26,156.1728
 27,156.5244
 30,156.6256
 32,156.6436
 35,156.6725
 36,156.6833
 35,156.6869
 36,156.7231
 37,156.7519
 38,156.7808
 68,156.7986
 41,156.8458
 44,156.9
 69,156.9042
 46,156.9397
 71,157.2764
 61,157.2781
 60,157.3575
 61,157.3644
 60,157.4081
 61,157.4153
 63,157.5219
 70,157.5319
 65,157.5547
 67,157.6033
 68,157.6142
 69,157.6431
 70,157.6767
 70,157.6775
 71,157.7117
 69,157.7211
 70,157.73
 71,157.7589
 72,157.7733
 68,157.7822
 67,157.7933
 66,157.8489
 65,157.86
 58,157.9267
 57,157.9378
 75,158.0917
 54,158.0933
 76,158.1061
 53,158.1156
 75,158.1169
 51,158.1936
 77,158.2111
 50,158.2158
 75,158.2569
 48,158.2603
 46,158.2822
 44,158.2933
 43,158.3044
 37,158.3436
 34,158.3658
 32,158.3825
 31,158.3936
 74,158.5067
 75,158.5214
 75,158.6556
 39,158.6603
 41,158.6714
 46,158.7381
 52,158.8214
 55,158.8658
 56,158.8825
 56,158.8936
 57,158.9269
 58,158.9381
 57,158.9436
 59,159.0269
 61,159.1325
 73,159.4683
 60,159.5703
 61,159.6758
 62,159.6869
 62,159.8425
 67,159.9203
 70,160.2125
 68,160.2536
 71,160.2547
 69,160.2869
 70,160.4647
 73,160.4936
 74,160.5189
 72,160.6092
 73,160.6622
 71,160.6758
 72,160.7314
 72,160.8519
 72,160.9344
 71,161.0506
 72,161.0542
 75,161.1756
 78,161.2647
 77,161.2653
 78,161.2753
 71,162.2033
 70,162.2214
 69,162.3472
 70,162.3947
 71,162.4206
 72,162.6283
 73,162.6319
 71,162.6908
 72,162.8014
 73,162.87
 71,163.0942
 70,163.1158
 69,163.1519
 68,163.2936
 71,163.3997
 72,163.5217
 67,163.5339
 66,163.5486
 71,163.5831
 65,163.5936
 64,163.6153
 63,163.6697
 72,163.7275
 62,163.7511
 61,163.7619
 60,163.7908
 73,163.9164
 71,163.9442
 70,163.9497
 68,163.9664
 67,163.9719
 65,163.9886
 64,163.9942
 57,164.0006
 63,164.0053
 56,164.0144
 55,164.0575
 63,164.0722
 54,164.0794
 54,164.15
 66,164.1611
 55,164.1681
 63,164.1833
 61,164.2167
 57,164.2583
 59,164.2667
 60,164.3278
 61,164.3667
 60,164.4056
 61,164.45
 62,164.5111
 63,164.5556
 62,164.6
 61,164.6056
 58,164.6125
 59,164.6339
 60,164.6389
 61,164.6611
 60,164.6847
 61,164.7267
 58,164.75
 57,164.7611
 55,164.8222
 62,164.8711
 53,164.9153
 55,164.9986
 56,165.01
 59,165.0878
 60,165.1489
 61,165.1822
 60,165.21
 64,165.2867
 60,165.4378
 59,165.4433
 64,165.4672
 55,165.4933
 54,165.5044
 66,165.5269
 53,165.5378
 67,165.5922
 68,165.5994
 69,165.6103
 70,165.6211
 50,165.6433
 74,165.6806
 51,165.6881
 75,165.7169
 53,165.7658
 56,165.8214
 59,165.8547
 72,165.8667
 60,165.8714
 71,165.8739
 68,165.8956
 65,165.9186
 61,165.9517
 61,165.9547
 56,165.995
 57,165.9986
 65,166.12
 56,166.1483
 66,166.1533
 57,166.1769
 67,166.1978
 58,166.2167
 66,166.2811
 67,166.2922
 53,166.3397
 69,166.3589
 51,166.3686
 71,166.395
 52,166.4989
 73,166.5436
 72,166.5492
 53,166.5567
 54,166.5928
 71,166.6381
 55,166.665
 72,166.6714
 56,166.6833
 55,166.6944
 51,166.7992
 51,166.8939
 52,166.9011
 53,166.9047
 59,166.9394
 61,166.9503
 62,166.9575
 66,166.9936
 68,167.1992
 60,167.2003
 60,167.2403
 70,167.2436
 61,167.2511
 63,167.3792
 62,167.39
 61,167.3972
 71,167.3992
 69,167.4439
 68,167.455
 63,167.4917
 69,167.505
 64,167.6
 65,167.6214
 67,167.6361
 68,167.6433
 69,167.6469
 70,167.6575
 73,167.7883
 74,167.8353
 76,167.8994
 75,167.9272
 74,167.9661
 73,167.98
 74,168.0217
 73,168.0272
 74,168.1464
 73,168.1975
 74,168.2331
 75,168.2497
 76,168.2942
 74,168.3997
 70,168.4856
 65,168.5239
 62,168.5453
 61,168.5525
 60,168.5597
 61,168.5922
 60,168.625
 61,168.6394
 60,168.7117
 64,168.8094
 60,168.9358
 73,168.9775
 61,169.3194
 62,169.3303
 63,169.3556
 66,169.3989
 67,169.4567
 68,169.4964
 72,169.6219
 71,169.6386
 73,169.7444
 70,169.7461
 71,169.7569
 74,169.7611
 71,170.0889
 72,170.1169
 73,170.1242
 72,170.2
 73,170.3014
 73,171.1347
 72,171.2178
 72,172.8847
 72,173.1347
 72,173.7222
 71,173.7331
 73,173.8264
 75,173.8658
 74,173.9019
 73,173.9239
 74,173.9311
 73,173.9419
 73,174.0283
 73,174.0611
 73,174.1367
 71,174.2472
 70,174.2906
 69,174.3158
 68,174.3556
 69,174.3608
 69,174.4164
 70,174.4228
 70,174.4442
 70,174.4797
 70,174.5053
 72,174.5581
 73,174.5867
 74,174.6594
 75,174.6775
 79,174.7242
 68,174.7667
 69,174.7889
 76,174.7964
 73,174.8289
 71,174.8506
 70,174.8581
 69,174.8653
 68,174.8725
 65,174.8975
 66,174.9575
 61,175.1922
 71,175.1947
 60,175.1958
 70,175.2058
 60,175.2139
 69,175.2836
 61,175.3692
 60,175.4019
 61,175.4056
 68,175.4058
 68,175.4836
 66,175.4947
 63,175.5225
 63,175.5608
 61,175.5892
 60,175.6336
 65,175.6403
 59,175.6444
 58,175.6558
 57,175.6614
 66,175.6619
 52,175.6836
 51,175.6892
 48,175.7058
 47,175.7169
 45,175.7281
 44,175.7336
 43,175.7392
 64,175.7542
 38,175.7614
 33,175.7836
 30,175.7947
 27,175.8114
 60,175.8372
 21,175.8614
 20,175.8669
 19,175.8725
 18,175.8781
 14,175.9058
 12,175.9169
 11,175.9225
 10,175.9336
 60,175.9456
 60,176.0033
 60,176.0322
 0,176.0428
 60,176.0611
 1,176.1325
 59,176.1511
 60,176.2778
 61,176.3247
 60,176.3361
 61,176.4358
 60,176.6742
 61,176.6922
 61,176.7392
 62,176.8006
 64,176.8406
 68,177.1492
 70,177.2561
 71,177.3378
 70,177.3631
 71,177.3881
 0,178.4383
 1,178.5494
 2,178.5606
 3,178.5661
 6,178.5939
 8,178.605
 11,178.6328
 15,178.655
 18,178.6772
 19,178.6828
 20,178.6883
 22,178.6994
 26,178.7328
 27,178.7436
 28,178.755
 27,178.8828
 27,179.2364
 69,179.2769
 68,179.4722
 67,179.4947
 28,179.6808
 70,179.7039
 72,179.7961
 73,179.8608
 32,179.9089
 33,179.92
 34,179.9256
 74,179.9667
 73,180.0381
 72,180.0447
 37,180.2711
 71,180.2881
 66,180.7325
 71,180.7344
 68,180.7825
 73,180.8764
 72,180.8981
 71,180.9089
 65,180.9581
 63,180.9758
 62,180.9867
 59,181.2019
 63,181.3211
 66,181.3436
 67,181.3714
 65,181.4006
 69,181.4564
 72,181.6519
 66,181.7269
 73,181.7353
 72,181.7678
 64,181.7714
 64,181.8825
 74,181.9289
 75,181.9394
 76,181.9722
 74,182.0983
 64,182.1328
 71,182.2981
 64,182.2994
 63,182.3106
 62,182.3272
 73,182.3486
 61,182.3767
 75,182.3983
 76,182.4092
 77,182.42
 57,182.4358
 55,182.4469
 77,182.4489
 54,182.4525
 53,182.4636
 52,182.4692
 76,182.4742
 50,182.4858
 49,182.5469
 75,182.6053
 51,182.6361
 53,182.6583
 54,182.6639
 73,182.6725
 57,182.6917
 58,182.6972
 57,182.7472
 74,182.8444
 56,182.8639
 75,182.8661
 55,182.8917
 56,182.8972
 74,182.9239
 53,182.9306
 52,182.9417
 51,183.0139
 52,183.0361
 59,183.2472
 58,183.2694
 59,183.3083
 73,183.3131
 74,183.3386
 60,183.4083
 61,183.4417
 62,183.5306
 69,183.6194
 69,183.6472
 70,183.7639
 68,183.8583
 69,184.0139
 68,184.1031
 71,184.1869
 70,184.3253
 71,184.4253
 72,184.4475
 71,184.4944
 71,184.5017
 71,184.5294
 70,184.5306
 72,184.5906
 71,184.6406
 69,184.6572
 68,184.6628
 67,184.6683
 66,184.685
 65,184.6961
 69,184.7156
 68,184.7206
 63,184.7239
 67,184.7267
 66,184.7903
 67,184.7969
 62,184.8406
 61,184.8517
 60,184.8572
 57,184.8794
 55,184.9072
 56,184.9183
 55,184.9794
 63,185.0111
 56,185.0406
 58,185.0572
 59,185.0628
 60,185.0683
 65,185.1461
 66,185.1572
 67,185.1739
 71,185.285
 64,185.3572
 64,185.4367
 63,185.5017
 62,185.545
 61,185.6644
 60,185.6936
 72,185.7072
 61,185.7081
 60,185.7297
 58,185.7658
 56,185.7839
 71,186.0003
 70,186.0333
 53,186.1197
 54,186.1306
 66,186.1614
 55,186.1631
 60,186.3003
 55,186.4669
 52,186.5617
 56,186.6258
 57,186.68
 51,186.745
 52,186.7672
 51,186.845
 52,186.8561
 58,186.8608
 51,186.8617
 51,186.8728
 59,186.8825
 51,186.9728
 52,186.9839
 51,187.1006
 52,187.1172
 53,187.1506
 59,187.1569
 54,187.1672
 55,187.1839
 57,187.1919
 56,187.195
 57,187.3025
 56,187.3064
 64,187.4192
 56,187.4731
 65,187.5631
 67,187.5964
 65,187.7075
 59,187.7081
 61,187.7686
 58,187.7803
 60,187.8019
 57,187.8297
 56,187.8817
 54,187.9322
 58,187.9356
 59,187.9411
 55,187.9467
 57,187.9947
 56,188.0539
 63,188.0856
 57,188.0972
 67,188.1414
 57,188.2531
 56,188.2675
 54,188.3033
 69,188.33
 68,188.3358
 65,188.4025
 57,188.4036
 67,188.4358
 55,188.4903
 54,188.4975
 55,188.5156
 56,188.7089
 58,188.8067
 59,188.8283
 60,188.89
 62,188.9156
 65,188.9192
 63,188.9228
 64,188.9358
 64,188.9372
 63,188.9414
 60,188.9636
 63,188.9661
 59,188.9747
 58,188.9803
 56,188.9914
 55,188.9969
 54,189.0025
 53,189.0081
 62,189.0419
 48,189.0469
 51,189.1136
 53,189.1414
 63,189.1647
 56,189.2025
 64,189.2119
 61,189.2411
 62,189.2517
 63,189.2567
 64,189.2678
 59,189.2733
 65,189.2844
 66,189.2956
 67,189.3233
 69,189.3456
 58,189.3531
 59,189.3892
 70,189.4122
 72,189.4511
 57,189.4939
 56,189.5047
 55,189.5119
 72,189.5458
 54,189.5481
 71,189.6236
 72,189.6458
 71,189.6736
 53,189.7181
 72,189.7403
 54,189.7433
 55,189.7758
 71,189.7792
 71,189.8458
 54,189.9675
 55,190.0003
 72,190.0069
 56,190.0183
 71,190.0347
 57,190.0469
 58,190.0689
 72,190.1403
 71,190.2236
 72,190.2958
 58,190.3056
 59,190.3344
 59,190.3525
 60,190.36
 61,190.3672
 62,190.3744
 63,190.3817
 64,190.3961
 68,190.4261
 70,190.4664
 72,190.4969
 73,190.5225
 71,190.6014
 73,190.9169
 72,190.9314
 73,191.0194
 71,191.0625
 72,191.0847
 75,191.1025
 77,191.1242
 77,191.1458
 73,191.1878
 70,191.2344
 74,191.2983
 71,191.4769
 70,191.4808
 71,191.5792
 73,191.5928
 74,191.6217
 72,191.6681
 71,191.7292
 72,191.7408
 68,191.7569
 73,191.7661
 66,191.7736
 62,191.8011
 59,191.8181
 54,191.8514
 77,191.9069
 55,191.9072
 78,191.9828
 59,191.985
 60,192.0072
 67,192.1406
 69,192.1961
 70,192.2072
 72,192.2683
 71,192.3683
 76,192.5997
 74,192.7083
 73,192.7156
 70,192.8133
 71,192.8856
 72,193.2178
 74,193.2353
 75,193.2519
 76,193.3186
 78,193.3797
 76,193.4186
 74,193.4519
 75,193.4797
 76,193.4908
 73,193.5394
 74,193.5408
 72,193.5908
 73,193.5964
 73,193.6186
 72,195.9814
 73,196.1481
 73,197.7964
 72,197.8569
 71,197.8625
 74,197.9697
 72,198.0167
 73,198.0239
 70,198.1397
 71,198.1542
 71,198.1722
 70,198.1939
 63,198.2425
 62,198.2533
 61,198.2606
 60,198.2858
 59,198.2967
 53,198.3386
 52,198.3422
 51,198.3494
 50,198.3531
 48,198.3639
 46,198.3856
 45,198.3892
 43,198.4
 40,198.4144
 37,198.4325
 35,198.4397
 26,198.4925
 25,198.5036
 70,198.5181
 23,198.5217
 22,198.5286
 21,198.5361
 19,198.5467
 17,198.5614
 13,198.5867
 69,198.6125
 68,198.6514
 8,198.655
 6,198.6697
 5,198.6769
 4,198.6842
 3,198.6878
 1,198.7342
 0,198.7653
 1,198.8086
 2,198.8231
 67,198.8403
 66,198.8569
 7,198.8661
 8,198.8722
 9,198.8825
 13,199.1139
 14,199.1175
 15,199.1356
 16,199.1464
 17,199.1572
 18,199.1789
 17,199.1969
 21,199.3286
 23,199.4517
 22,199.4661
 19,199.6072
 22,199.6867
 23,199.7192
 25,199.8494
 27,199.9433
 26,199.9647
 28,200.0228
 29,200.1672
 31,200.2142
 32,200.2286
 33,200.2322
 37,200.3189
 39,200.3369
 40,200.3442
 47,200.3972
 48,200.4044
 49,200.4117
 52,200.4333
 54,200.4478
 55,200.455
 57,200.4717
 58,200.4753
 60,200.4897
 62,200.5006
 65,200.5125
 65,200.5403
 67,200.5583
 68,200.5619
 69,200.5728
 70,200.5981
 71,200.6578
 66,200.7069
 71,200.7189
 73,200.8175
 66,200.9125
 72,200.9361
 63,200.9569
 64,201.1236
 63,201.2125
 75,201.2267
 61,201.2292
 60,201.2347
 74,201.2447
 57,201.2569
 54,201.2736
 73,201.2808
 72,201.3061
 51,201.3292
 50,201.3403
 71,201.3422
 49,201.3625
 70,201.4308
 45,201.4514
 44,201.4569
 40,201.4847
 38,201.4958
 26,201.9553
 27,202.0053
 28,202.0164
 29,202.0219
 33,202.0486
 71,202.1225
 31,202.2097
 27,202.5042
 26,202.5208
 25,202.5653
 23,202.5819
 22,202.5875
 23,202.6264
 25,202.9483
 27,203.0486
 27,203.0875
 69,203.1094
 29,203.1264
 30,203.1319
 31,203.1375
 33,203.1542
 68,203.2378
 69,203.2883
 33,203.4989
 29,203.5767
 65,203.6075
 27,203.6433
 63,203.6508
 60,203.7339
 61,203.7411
 60,203.7519
 61,203.77
 27,203.7822
 61,203.8567
 61,203.8711
 30,204.0378
 31,204.0489
 65,204.0519
 66,204.0628
 67,204.1133
 68,204.1169
 69,204.1242
 70,204.1386
 70,204.1767
 69,204.1875
 66,204.2147
 64,204.2439
 62,204.3017
 60,204.3233
 57,204.345
 56,204.3522
 55,204.3558
 54,204.3631
 53,204.3703
 51,204.3847
 50,204.3919
 46,204.4325
 44,204.445
 43,204.4519
 32,204.5275
 28,204.5636
 27,204.6342
 26,204.6528
 27,204.8008
 35,204.8156
 38,204.8433
 39,204.8489
 41,204.8767
 43,204.8989
 50,204.9425
 51,204.9536
 52,204.9647
 54,204.9758
 58,205.0036
 61,205.0203
 62,205.0258
 63,205.0369
 67,205.0703
 68,205.0758
 70,205.0925
 71,205.1036
 72,205.1147
 72,205.1486
 73,205.1689
 74,205.1911
 30,205.2197
 32,205.2378
 34,205.2631
 36,205.2992
 37,205.3208
 38,205.3353
 39,205.3497
 38,205.4264
 73,205.4678
 39,205.4989
 72,205.5011
 40,205.5133
 69,205.5344
 42,205.5383
 68,205.54
 67,205.5456
 66,205.5511
 65,205.5622
 64,205.5733
 44,205.5964
 62,205.6011
 45,205.6072
 61,205.6178
 46,205.6181
 60,205.6233
 59,205.6289
 58,205.6344
 55,205.6511
 54,205.6567
 48,205.6614
 53,205.6678
 51,205.6789
 48,205.7456
 49,205.8647
 50,205.8919
 55,205.9469
 58,206.0903
 57,206.0939
 58,206.1411
 59,206.1847
 59,206.3589
 48,206.3789
 47,206.3844
 60,206.395
 59,206.4311
 60,206.4347
 61,206.4492
 50,206.5178
 62,206.5358
 63,206.5742
 64,206.5994
 51,206.6122
 52,206.6178
 65,206.6244
 53,206.6289
 66,206.6392
 67,206.6753
 68,206.6861
 53,206.7178
 70,206.7383
 54,206.7403
 72,206.8019
 56,206.8569
 57,206.8681
 58,206.9736
 58,207.0125
 74,207.0486
 71,207.3536
 55,207.3625
 56,207.4069
 73,207.5525
 57,207.5817
 60,207.6114
 61,207.625
 73,207.6719
 63,207.7711
 64,207.7878
 69,207.9436
 70,207.9997
 68,208.2106
 70,208.2253
 69,208.2383
 71,208.3447
 70,208.3556
 68,208.3736
 71,208.7272
 72,208.7383
 67,208.7647
 73,208.7883
 73,208.8106
 64,208.8625
 62,208.8733
 76,208.8828
 59,208.9383
 78,208.9439
 76,208.9939
 72,209.0661
 71,209.0717
 60,209.1658
 60,209.2889
 60,209.3106
 59,209.3503
 56,209.3936
 55,209.4044
 52,209.4225
 74,209.4331
 51,209.4333
 75,209.4442
 77,209.4608
 48,209.485
 46,209.4972
 44,209.5117
 77,209.5164
 43,209.5189
 42,209.5297
 41,209.5333
 77,209.5831
 76,209.5997
 33,209.6419
 32,209.6492
 31,209.6528
 30,209.66
 29,209.6672
 27,209.6925
 28,209.7175
 71,209.7275
 72,209.7331
 29,209.8772
 30,209.8842
 31,209.9194
 36,209.9922
 37,210.0031
 38,210.0103
 39,210.0172
 40,210.0247
 41,210.0319
 43,210.0464
 44,210.0533
 48,210.0881
 51,210.1061
 52,210.1097
 55,210.1567
 56,210.1639
 58,210.2108
 61,210.2542
 62,210.2614
 63,210.2722
 64,210.2794
 67,210.3119
 69,210.3336
 73,210.3553
 72,210.3775
 71,210.3831
 70,210.3933
 69,210.4008
 66,210.4206
 71,210.4375
 72,210.4425
 63,210.4669
 61,210.4969
 60,210.5247
 71,210.5436
 72,210.5475
 71,210.5583
 70,210.5656
 53,210.5808
 48,210.61
 46,210.6267
 43,210.6378
 42,210.6433
 41,210.6489
 40,210.6544
 39,210.66
 37,210.6656
 36,210.6711
 35,210.6767
 29,210.7044
 70,210.7172
 28,210.7267
 25,210.7878
 24,210.7989
 69,210.8381
 23,210.8489
 20,210.8864
 19,210.8919
 17,210.9086
 70,210.9489
 61,211.0828
 17,211.2808
 57,211.3194
 56,211.3442
 20,211.3475
 22,211.4197
 23,211.4253
 56,211.4336
 57,211.4661
 26,211.4697
 28,211.4808
 29,211.5197
 35,211.5531
 38,211.5697
 39,211.5753
 40,211.5808
 41,211.5864
 45,211.6031
 46,211.6086
 49,211.6697
 51,211.6864
 53,211.7031
 54,211.7142
 55,211.7808
 55,211.8075
 56,211.8589
 56,211.8836
 57,211.8864
 57,211.8944
 58,211.9194
 59,211.9292
 61,211.9308
 58,212.0447
 56,212.1075
 60,212.22
 59,212.2256
 58,212.2311
 57,212.2367
 54,212.2533
 51,212.27
 57,212.2831
 49,212.32
 58,212.3481
 50,212.3589
 50,212.4367
 52,212.4867
 53,212.4978
 54,212.5089
 57,212.5422
 58,212.5478
 57,212.5506
 61,212.5811
 56,212.5903
 55,212.6011
 54,212.6083
 53,212.6156
 52,212.6228
 62,212.6478
 48,212.6561
 63,212.6589
 64,212.67
 49,212.6894
 66,212.6922
 68,212.7033
 70,212.7422
 72,212.8089
 51,212.8197
 71,212.8256
 52,212.8703
 71,212.8814
 54,212.9172
 55,213.0367
 56,213.0728
 58,213.0836
 59,213.0908
 61,213.1017
 64,213.1378
 65,213.145
 68,213.1667
 68,213.1811
 71,213.4092
 72,213.4203
 68,213.4708
 69,213.8361
 68,213.8469
 69,213.8686
 70,213.9128
 71,213.9678
 72,213.9786
 73,213.9858
 74,214.0436
 73,214.0725
 72,214.1092
 73,214.4469
 75,214.4722
 81,214.7147
 82,214.7361
 86,214.7892
 88,214.8214
 89,214.8325
 89,214.93
 88,214.9372
 87,214.9553
 86,214.9661
 85,214.995
 84,214.9986
 83,215.0058
 82,215.0164
 73,215.0869
 76,215.0942
 74,215.1092
 73,215.1533
 72,215.1603
 71,215.1894
 71,215.2183
 75,215.2814
 73,215.3425
 72,215.3556
 71,215.3647
 73,215.395
 73,215.4711
 69,215.5258
 68,215.5503
 67,215.5578
 66,215.5633
 65,215.5689
 63,215.5856
 73,215.5903
 64,215.6411
 72,215.6444
 65,215.6692
 73,215.6753
 66,215.6803
 68,215.7358
 69,215.7414
 72,215.7511
 71,215.7914
 