5633
27,0.0017,8,9,1,4,5,6,7,10
45,0.1453,1,2,5
2,0.1469,4
46,0.1675,1,2
18,0.1783,8,9,3,4
47,0.1869,1,5
15,0.2164,8,3,5
49,0.2536,1,5
31,0.2964,5
0,0.3036,4
22,0.3361,3,5
16,0.3639,8,3
48,0.3842,1
19,0.4611,8,9
47,0.4758,1,5
46,0.5147,1,2,5
30,0.5269,2
18,0.6639,8,9,2,5
15,0.6972,8,9,2
14,0.7511,8,9
44,0.7925,1
28,0.8067,9,1
42,0.8592,1,5
30,0.94,5
29,0.9722,5
39,1.0453,1,2,5
27,1.0828,9,3,1,2,5
37,1.1036,1
36,1.1283,1,2,5
33,1.1722,5
34,1.1889,5
19,1.2236,3,1,2,5
30,1.2758,1
31,1.2981,1,2,5
32,1.3619,1,2,5
28,1.3681,9,3,1
15,1.3731,8,9,3,2
36,1.4,5
16,1.4675,8,3,1,2,5
32,1.5064,1
31,1.5339,1,2
2,1.5964,3
34,1.7281,2
4,1.7619,10
5,1.7786,10
6,1.7953,10
7,1.8036,10
8,1.8119,10
9,1.8203,10
10,1.8453,10
11,1.8536,10
12,1.8622,10
13,1.8706,10
15,1.8819,8,9,3,2,10
15,1.8956,10
16,1.9122,10
17,1.9206,10
18,1.9372,10
19,1.9539,10
16,1.9819,8,9,10
17,1.9986,8,9,1
33,2.1342,1,2,10
35,2.1675,1,2,10
26,2.3106,8,9,1
2,2.3183,3,10
47,2.3425,1
34,2.3819,9,1,10
49,2.4047,1
4,2.51,3
36,2.5661,2
27,2.6578,8,9,2
28,2.6717,8,9
6,2.7267,3,4
2,2.9661,4
3,2.9911,4
27,3.0033,8,3
14,3.0458,3,4
6,3.0703,4
7,3.0911,4
9,3.1453,4
10,3.1578,4
11,3.1744,4
12,3.1911,4
13,3.2119,4
14,3.2286,4
15,3.2661,4
16,3.2786,4
17,3.2953,4
18,3.3494,4
28,3.3778,8,3,4
20,3.5261,4
24,3.5472,8,3,4
25,3.5778,8,9,3
21,3.8433,3,4
17,3.8761,4
16,3.8928,4
15,3.9136,4
26,3.9306,8,9,3,4
13,3.9594,4
15,3.9628,3,4
12,3.9803,4
11,4.0053,4
10,4.0261,4
49,4.045,1
9,4.0469,4
8,4.0678,4
7,4.1511,4
34,4.4097,9,3,1
27,4.4503,1
6,4.4719,4
5,4.5011,4
31,4.5253,9,3,1
4,4.5303,4
30,4.5742,9,3
29,4.5936,9,3
28,4.6131,9,3
27,4.6461,3
27,4.6558,9,3,1
40,4.9342,9,3,1
26,5.0186,3
39,5.0208,9,3
26,5.0519,3
37,5.1989,9,3
26,5.5633,9,3,1,5
25,5.9056,8,9,1,2,5
37,6.1631,2,7
29,6.2367,8,9,2
30,6.2506,8,9
22,6.3456,9
29,6.4061,8,9,2,5
19,6.5003,9,2,4,5
35,6.5433,5
36,6.5489,5
35,6.5608,5
6,6.5886,4
28,6.6761,8,9,2,5
35,6.6811,5
6,6.7011,4
21,6.8072,9,2,4
23,6.8517,9,3,2
35,6.8842,2
29,6.9069,8,9,2
26,6.96,9,2,4,5
35,7.0911,5
8,7.0931,4
31,7.1053,2
9,7.1222,4
31,7.1425,9,3,2
27,7.1603,3
28,7.1958,8,9,3
31,7.2289,9,1,5
33,7.2689,5
32,7.3133,5
8,7.3181,4
30,7.3578,5
29,7.3744,5
32,7.3892,9,3,1,5
29,7.3933,8,9
30,7.4211,8,9,10
29,7.4628,8,9,2,4,5,10
19,7.4833,10
8,7.5058,4,10
9,7.5142,4,5
8,7.5308,4,10
22,7.5417,10
30,7.5489,8,9,2,10
34,7.5931,2
29,7.6381,8,3,1,2,4,5
30,7.6792,8,9,3,1,4,5,10
19,7.7003,10
25,7.7625,1,2,4,5,10
35,7.8817,2,7
24,7.9014,1,2
24,7.9233,3,1
26,7.9758,1,4,7,10
25,8.0553,1,2,4,10
30,8.0725,9,3,1
29,8.1192,9,3,2
28,8.1267,9,3
27,8.1969,9,3,4,10
24,8.2339,10
29,8.2375,8,9,3,2,5,10
32,8.2581,5
11,8.29,3
27,8.3075,8,3,2,5
26,8.3514,8,3,1,2,5
28,8.4569,2,5,7
23,8.6106,7,10
33,8.6306,5,7
25,8.6656,8,3,1,2,5,7,10
31,8.7344,2,5,10
30,8.7694,5,7,10
29,8.7917,5,10
28,8.8028,5
27,8.8194,5
26,8.8361,5
25,8.8472,5
12,8.8644,3,1,2,4,5
23,8.9083,5
22,8.925,5
24,8.9361,1,2,5
19,8.9694,5
18,8.9806,5
13,9.0917,5
14,9.1139,5,7,10
24,9.1242,8,9,3,1,5
21,9.3225,9,3,1,2,4,5,10
11,9.3472,5,10
10,9.3694,5,7
11,9.375,5
20,9.3992,9,3,5,10
25,9.4022,8,9,3,10
8,9.5608,3,1,5,7,10
26,9.8608,8,9,3,1,7,10
21,9.9772,10
20,10.0192,10
21,10.0442,10
20,10.0525,10
26,10.0583,8,3,1,7,10
4,10.1014,3,1
27,10.15,8,9,4,5,10
20,10.1906,9,3,1
28,10.1972,8,9,1,4
1,10.2597,3,10
18,10.3361,10
29,10.3647,8,9,1,10
0,10.4014,3,10
17,10.4194,10
18,10.4944,10
30,10.5019,8,1,10
18,10.5281,10
19,10.5364,10
7,10.61,4,10
34,10.6381,8,9,1
24,10.6839,1
34,10.6894,8,9,1
15,10.7283,9,1
33,10.8372,8,9,1,6,10
18,10.9256,10
9,10.9328,4,10
36,10.9531,6,10
10,10.9619,4
11,10.9828,4
24,10.9981,1,4
25,11.0203,1,2,4,10
24,11.0553,8,9,1,4,10
15,11.0886,4,10
16,11.1094,4
29,11.1147,1,4,10
19,11.2008,10
16,11.2169,9,1,2,4,10
18,11.2678,10
39,11.2864,6
31,11.2894,2,4,6
41,11.3364,6
30,11.3492,1,2,4,6
25,11.3942,8,9,1,2,4,6
16,11.525,9,4
26,11.5583,8,9,2
27,11.6028,8,9,1,2,6
42,11.6919,6
33,11.7069,2,6
40,11.9144,6
29,11.9789,1,2,6
39,12.0083,6
38,12.0156,6
37,12.0264,6
15,12.0308,9,1,2,4
25,12.0553,1,2,6
24,12.0775,1,2,4,6
33,12.1419,6,7
18,12.1844,4,6,7
28,12.2,8,9,1,2,4
18,12.2244,9
29,12.2514,8,9,6,7
30,12.2592,8,9,1
23,12.3722,1,2,4,7
15,12.4239,4
20,12.4833,9,1,2,4
31,12.5256,8,9,2
33,12.5844,8,9,7
35,12.6242,8,9,2,7
26,12.6542,9,1
34,12.6722,8,9,6
4,12.6875,3
29,12.6958,9
35,12.7139,8,9,2
6,12.7292,3
34,12.75,8,9,2
33,12.7722,8,9,1,6
8,12.7792,3,4
16,12.8114,4,6
34,12.8139,2,4
18,12.8531,4,6
19,12.8739,4
32,12.8803,9,2,4,7
11,12.9044,3,7
33,12.9139,9,3,6
14,12.9711,3,4,6
32,12.9797,8,9,3
35,12.9858,9,6
31,13.0008,8,9,4
30,13.0511,8,9,3,2,4,6,7
29,13.14,8,3,1,2,4,6
27,13.2367,1,2,4,7
31,13.2931,8,3,1,6,7
32,13.3375,8,3,2,4,6,7
31,13.4331,6
20,13.4556,3,1,4,6
31,13.5161,8,9,3,1,4,7
30,13.5689,8,9,1,2,6
34,13.7056,6,7,10
19,13.8136,10
24,13.8986,7,10
38,13.9275,2,6,7,10
22,13.9639,10
29,13.9692,8,9,3,1,2,10
34,14.0994,9,3,1,4,6,7,10
35,14.1222,6,10
34,14.1292,6
35,14.1911,9,3,1,2,6,10
37,14.2614,2,4,6
30,14.2681,8,9,3,1,2
24,14.3661,1,2,4,6
31,14.3897,8,3,1,6
28,14.465,3,1,2,4,6,10
32,14.4811,10
31,14.5561,10
30,14.5894,10
23,14.6244,1,2,4,7,10
24,14.6328,1,2
30,14.6408,8,9,3,1,2,4,6,10
33,14.7814,10
34,14.8231,10
35,14.9103,8,9,1,2,4,6,7,10
35,14.9608,8,9,3,1,4,6,7,10
22,15.3728,3,1,4,6,7,10
24,15.4178,7
25,15.4417,1,7,10
34,15.4672,9,3,1,6,10
34,15.6311,8,9,1,2,5,6,10
26,15.67,6
25,15.6881,6
28,15.6997,5,6
38,15.7019,2,5
30,15.7386,5,6
23,15.7669,1,2,4,5,6
30,15.7728,8,9,1
29,15.7978,8,9,1,6
20,15.8253,1,4,6,10
40,15.8319,10
41,15.8569,10
11,15.8656,4,5,6
28,15.8728,8,9,3,1,4,10
9,15.8989,4
44,15.9069,10
45,15.9236,10
8,15.9281,4,6
32,15.9386,5
33,15.9833,5,6
7,16.0072,4,6
8,16.0117,4
26,16.0494,8,9,3,4,5,6
25,16.1633,8,3,1,2,10
26,16.255,8,9,1,2,4,10
27,16.3339,9,3,1,2,4,10
23,16.3697,1,6,10
25,16.5333,8,9,1,2,4,6,10
23,16.545,1,2
22,16.5867,1,2,10
22,16.5917,8,9,1,2
33,16.6833,2,5,10
22,16.6869,1,2
20,16.7139,8,9,1,2,10
19,16.7417,8,9,1,2,6,10
37,16.7994,10
15,16.8269,6,10
23,16.8647,1,2,4,5,6,10
34,16.8667,10
5,16.8681,4
35,16.8922,5,10
6,16.9139,4,6
30,16.9414,10
30,16.9492,2,5,10
24,16.9825,9,1,2,4,6,10
24,17.0164,10
28,17.0194,2,5,10
22,17.0414,10
25,17.0547,9,3,1,2,10
20,17.0664,10
19,17.0747,10
24,17.0847,2,4,5,6,10
13,17.0914,6
14,17.1817,6,10
36,17.2064,5,10
24,17.2542,1,2,4,5,6,10
26,17.2553,9,3,1,2
22,17.3542,1,2,4
18,17.3797,8,9,1,6
22,17.4264,1,2,6
17,17.4547,8,9,3,1,6
19,17.4889,6,10
20,17.4997,6
21,17.5178,6
24,17.5414,9,1,6
18,17.6047,8,9,2,6,10
18,17.6186,8,9,1,2
16,17.6714,8,9,1,2,6,10
25,17.8089,6,10
26,17.8269,6
16,17.8717,8,9,3,1,2,4,6
29,17.9064,6
30,17.9208,6
31,17.9608,6
32,18.0025,6
31,18.0242,6
22,18.0333,1,6,10
21,18.0364,9,1,2,6
18,18.0747,2,4,6
34,18.0819,6
35,18.1144,6,10
36,18.1686,6
6,18.2133,4
22,18.2586,1,2,4,6
17,18.2858,8,9,1
19,18.3108,8,9,1,6,10
22,18.4478,9,1,2,4,10
19,18.4667,2,4,6
18,18.6317,8,9,1,2,4,6,10
16,18.715,8,9,2,4
29,18.7922,2,10
18,18.8428,10
15,18.9547,8,9,1,2,4,6,10
14,19.1019,8,9,6
13,19.1381,8,9,3,1,2,4,6,10
32,19.15,6
5,19.2114,4,10
22,19.2661,10
30,19.285,2,6,10
34,19.2956,6,10
11,19.3339,8,9,3,1,2,10
26,19.3494,10
27,19.3578,10
12,19.3631,8,9,2,10
29,19.3911,10
32,19.3933,2,10
13,19.3967,8,3,2,4
32,19.4222,2,10
30,19.4414,10
31,19.4497,10
14,19.4619,8,9,3,2,4,10
33,19.4831,10
34,19.5247,10
28,19.5594,9,1,2,4,5,10
29,19.5961,2
21,19.6167,1,2
20,19.6639,1,2,4,10
31,19.7164,10
21,19.7633,1,2,4,10
29,19.7997,10
28,19.8164,10
30,19.8317,9,3,1,2,10
26,19.8417,10
25,19.85,10
24,19.8667,10
23,19.875,10
15,19.8761,8,9,1,2,10
21,19.9,10
20,20.0083,10
19,20.1753,10
18,20.1836,10
28,20.2208,8,9,1,2,5,10
34,20.3417,8,9,10
9,20.3803,4
30,20.4494,9,1
35,20.4556,8,9,1,2,6
37,20.64,6,10
26,20.6633,1,2,4,6
38,20.705,6,10
39,20.7194,6
40,20.7375,6
41,20.7483,6
6,20.7553,4
34,20.8047,8,9,1,2,6
44,20.8347,6
26,20.8581,9,2,4,6
35,20.8603,8,9,6
24,20.88,9,1
34,20.8992,8,9,1
20,20.9319,9,1
39,20.9472,1
6,20.9719,4,10
49,21.01,6
5,21.0275,4,10
47,21.0722,1,2
33,21.1133,8,9,1,10
22,21.1844,10
21,21.1928,10
29,21.1956,8,9,1,2,5,10
20,21.2178,10
48,21.2411,1
19,21.2533,9,2,10
49,21.2681,1,2
6,21.2858,4
28,21.3167,8,9,2
27,21.3389,8,9,10
26,21.3833,8,9,5,10
26,21.4333,8,9,2,5
31,21.5161,5,6,10
30,21.5439,5,6,10
18,21.5533,9,2,4,5,10
24,21.585,10
29,21.5883,5,10
8,21.5983,4
31,21.6131,2,5,10
48,21.6647,1,2,5,6
27,21.6717,5
26,21.6889,2,5,6,10
21,21.6936,10
44,21.7764,1,2,5,6
19,21.7825,2
43,21.8069,1,6
16,21.8272,2,5,10
42,21.8711,1,5
26,21.9106,5,10
21,21.9353,10
20,21.9519,10
19,21.9603,10
18,21.9686,10
14,21.9781,2,4,5,10
43,21.9853,1,5,6
27,22.105,5,6,10
28,22.1328,5,6
29,22.1494,5
30,22.1717,5,10
31,22.305,5,6,10
32,22.3217,5
33,22.3439,5,10
13,22.3539,2,4,5,10
39,22.3658,1,5
35,22.3772,5,6
9,22.3861,4,10
8,22.3986,4
35,22.4642,6
35,22.4661,5,6
32,22.5017,1,2,5,10
35,22.5272,5,6
29,22.5556,1,2,5,6
36,22.5883,5,6
26,22.5969,1,2,5,6
36,22.6486,6,10
11,22.6497,2,4
25,22.8003,1,2,4,5,6,10
8,22.8403,2,4,10
4,22.8653,4,10
3,22.9028,4,10
26,22.9308,1,2
8,22.9503,2,4
1,22.9819,4,10
27,23.0506,1,2,5,6,10
19,23.0658,2,10
26,23.1033,1,2
24,23.1236,2
2,23.1361,4,10
1,23.1653,4
35,23.1664,5
34,23.1828,5
33,23.1942,5
32,23.2053,5
31,23.2219,5,6,10
0,23.2311,4
25,23.2367,1,2,5
24,23.2533,1,2,5,6
27,23.2775,5,6
28,23.2831,5
23,23.295,1,2,5
24,23.3144,1,2,5,10
29,23.4386,5,6,10
30,23.4664,5,6
23,23.5117,1,2,5
27,23.5236,8,9,1,6,10
32,23.57,6,10
21,23.5836,1,4,6
2,23.6175,4
29,23.6267,8,9,1
30,23.6406,8,9,5,6
1,23.6425,4
27,23.6553,5
26,23.6664,5
25,23.6775,5,6
26,23.7219,5,6
29,23.7269,8,9,1,2,5,6
2,23.795,4,10
30,23.8131,8,9,1,5,10
29,23.8333,5,10
19,23.8411,1,4,5
17,23.8717,1,2,5
15,23.905,1,2,4,10
14,23.9383,1,2,4,10
27,23.9486,2,10
15,48.1464,1,2,4,5,7,10
6,48.1475,4
28,48.16,8,9,1,2
27,48.1711,8,9,3,2
17,48.1783,9,4
26,48.185,8,9
25,48.2017,8,3,1,10
12,48.2464,1,2,4
42,48.2806,10
12,48.29,3,1,4
2,48.3142,4
24,48.3267,8,9,3,2
23,48.3517,8,3,2,5,10
24,48.3683,8,3
1,48.3725,4
25,48.3908,8,9,3,2
26,48.4047,8,3,1,10
25,48.4269,8,3,1,2,10
16,48.455,1,2
24,48.4603,8,9,1,2
18,48.48,1,10
27,48.4992,8,9,1,10
0,48.51,4
21,48.5272,1,2
22,48.5411,1,2,10
34,48.6047,8,9,3,1,2,5,10
24,48.6592,2,5,10
16,48.6844,9,3,2
20,48.7047,2,10
35,48.7108,8,9,1,2
18,48.7267,2,5,10
30,48.7397,10
29,48.7481,10
28,48.7731,10
27,48.7814,10
26,48.7897,10
25,48.8064,10
24,48.8147,10
24,48.8317,1,2,5,10
34,48.8364,8,9,3,1,2
13,48.8458,2,10
20,48.8731,10
19,48.8814,10
35,48.8833,8,3,1,10
9,48.9,2
23,49.0761,1,2,5,10
24,49.1122,1,2,5
25,49.1206,1,2,10
24,49.1342,3,1,5
28,49.165,1,10
34,49.1753,8,9,3,1,10
35,49.2036,8,9,3,1,5
38,49.2911,5
39,49.3017,5
38,49.3183,5
39,49.3239,5
31,49.3253,1,5
19,49.3317,9,3,1,5
36,49.3572,5
35,49.3628,5
34,49.3794,5
33,49.3906,5
32,49.4017,5
17,49.4042,3,5
20,49.4231,9,3,5
29,49.4628,5
14,49.4792,3,2,4,5
28,49.4964,5
27,49.5075,5
3,49.585,4
28,49.5908,5
4,49.6183,4
5,49.635,4
6,49.66,4
7,49.685,4
31,49.6908,5
32,49.7019,5
8,49.7058,4
15,49.7222,2,4,5
9,49.735,4
10,49.7475,4
34,49.7519,5
11,49.7642,4
12,49.7808,4
13,49.8017,4
15,49.8475,4
16,49.86,4
17,49.8808,4,5
18,49.9683,4,5
36,50.0006,5
34,50.0425,8,9,3,1,2,4,5
11,50.1975,3,2
30,50.2536,2
36,50.2842,8,3,1,2,4
33,50.3261,2,4
35,50.3706,8,3,2
22,50.3892,3,2,4
34,50.4469,8,3,1,4
14,50.4742,4
13,50.4992,4
33,50.5081,8,3,4
11,50.5492,4
26,50.5672,3,1,4
10,50.57,4
9,50.5908,4
8,50.6158,4
34,50.655,8,3
33,50.6747,8,3,1
7,50.7789,4
30,50.8392,1
8,50.9767,4
33,51.0356,3,1
8,51.0767,4
7,51.31,4
23,51.3356,1,4
32,51.6311,8,3,1
35,51.6481,1
6,51.7433,4
5,51.7933,4
27,51.8894,8,3,1
4,51.8933,4
29,51.9664,3
28,52.2006,8,3,7
26,52.4636,7
25,52.485,7
30,52.5147,8,3,1,7
35,52.6142,8,3
34,52.6831,8,3,1,7
38,52.7675,1,5
29,53.9031,8,3,1,5,10
18,53.94,10
30,53.9614,8,3,10
31,54.0114,8,3,10
21,54.1561,10
22,54.1644,10
23,54.1894,10
24,54.2061,10
25,54.2144,10
24,54.2481,10
34,54.2506,8,9,1,2,10
17,54.3311,9,2
36,54.3472,2,5
5,54.4017,4,10
21,54.4231,10
34,54.4242,5,10
19,54.4564,10
18,54.4983,10
6,54.5225,4,10
35,54.5353,5
7,54.5683,4
33,54.6108,8,9,2,5,10
34,54.6239,5
8,54.6267,4
32,54.6453,8,9,2,10
14,54.7589,9,2,10
31,54.7653,8,9,2,10
18,54.7819,10
17,54.7903,10
16,54.8153,10
17,54.8486,10
31,54.8497,2,10
29,54.9017,8,9,2,10
26,54.9292,2,5,10
30,54.9544,8,9,2,7,10
22,54.9656,10
23,54.9822,10
24,54.9906,10
25,55.0072,10
26,55.0156,10
27,55.0322,10
28,55.0406,10
18,55.0458,9,3,5,7,10
29,55.0519,8,9,4,5,10
31,55.0739,10
32,55.0822,10
33,55.0989,10
34,55.1072,10
31,55.1131,8,9,3,2,5,7,10
23,55.1606,7
29,55.2453,2,5,7,10
23,55.3058,3,1,2,4,7,10
17,55.3406,9,3,2,4,5,10
32,55.3908,8,9,5,10
10,55.3978,4
11,55.4144,4
12,55.4353,4,10
34,55.4533,8,9,3,1,4
25,55.4944,1,4,10
26,55.5028,1,2,4
17,55.5478,4,10
35,55.565,8,9,3,1,2,4
26,55.575,1,10
34,55.6008,8,9,1,2,10
32,55.6839,2,4,5,7,10
16,55.8019,4,7,10
21,55.8161,10
20,55.8328,10
19,55.8411,10
24,55.9125,1,2,4,10
18,55.9153,9,1,7,10
35,55.9228,8,9,2
34,56.2014,2,4,5,7,10
30,56.2522,5,10
29,56.2689,5,7,10
28,56.2911,5
17,56.2936,4,5
18,56.2978,4,7
17,56.3061,4
35,56.3078,8,9,3,1,2,4
23,56.3903,1,2,7
25,56.4867,7
22,56.5292,1,2,5,7
36,56.5353,8,3,1,7
38,56.5747,8,9,7
39,56.5942,8,9,5
16,56.6269,4,5
15,56.7144,4,5
14,56.7728,4
37,56.7753,8,9,1,2,5
36,56.8586,8,9,2,5
17,56.8833,9,2,5
35,56.9417,8,9,2,4
29,57.1689,2,4,7
31,57.1828,8,9,2,10
31,57.2211,2,4,7,10
19,57.3131,9,3,1,2,4,7,10
34,57.3514,2,4
32,57.3575,8,9,2
23,57.3736,9,10
33,57.3769,8,9,10
15,57.4619,10
16,57.4789,10
25,57.4892,9,3,1,2,4,7,10
26,57.5056,9,3,1
29,57.5639,9,3,10
31,57.5719,8,9,3,4
30,57.6319,8,3,4,7,10
12,57.6767,4,7
11,57.6972,4,10
10,57.7097,4
9,57.7264,4,10
8,57.7381,4
7,57.7697,4,10
6,57.7981,4
30,57.8069,8,9,3,1,4,7
5,57.8231,4
29,57.8436,8,9,1,7,10
3,57.8689,4,10
25,57.9092,7
2,57.9189,4
3,57.9231,4
21,57.9525,1,4,7,10
29,58.0586,9,1,10
15,58.0831,1,4
5,58.2106,4,10
30,58.2214,8,9,3,1
6,58.2425,1,4,10
5,58.2814,4,10
6,58.3647,4,5,10
22,58.4025,5,10
31,58.4106,8,9,3,5
20,58.4469,5
32,58.455,8,9,3,5
18,58.4803,5,10
33,58.4911,8,9,5
34,58.5033,8,9
7,58.5106,4,5
36,58.5397,8,3
8,58.5647,4,5
15,58.6136,5,10
38,58.6467,8,9,3
39,58.6828,8,9
9,58.725,4
30,58.7406,9,3,10
40,58.7428,8,9
16,58.7511,3
41,58.7692,8,9
27,58.785,9,3,4
42,58.8081,8,9
28,58.9286,9,5,10
29,58.9536,9,3,5,7,10
17,59.0467,10
37,59.2692,8,9,5,7,10
26,59.2969,5,7,10
27,59.3081,5
28,59.3192,5
29,59.3358,5,7
36,59.3386,8,9,3,2,5
31,59.3564,2,5
31,59.3636,5
7,59.3761,4
32,59.3803,5
8,59.3919,4,7
33,59.4025,5
7,59.4128,4
34,59.4247,5,10
8,59.4294,4
37,59.44,8,9,3,2,7,10
19,59.5639,10
20,59.5972,10
26,59.6389,7,10
27,59.6525,7
7,59.6669,4,7
28,59.6689,7
6,59.6919,4,10
33,59.6994,8,3,10
4,59.7336,4
3,59.7503,4
21,59.7786,3,2,4,5,7
32,59.7858,8,9,3,2,7
2,59.8169,4
31,59.8244,7
1,59.8336,4
32,59.8356,7,10
0,59.8544,4
31,59.8667,8,3,5,10
32,59.9025,5,7
31,59.9211,8,9,2,5,10
31,59.9303,5
30,59.9469,5
29,59.9636,5
1,59.9753,4
27,59.9914,5,10
2,59.9961,4
30,60.0133,2,5,10
3,60.0294,4,10
38,60.0517,9,2,5,7
4,60.0961,4,5
32,60.155,2,7
5,60.1614,4
30,60.1714,8,9,3,2,5
24,60.1858,5,7
23,60.1914,5,7
27,60.2269,8,3,2,5,7,10
29,60.2636,7
2,60.2653,1
34,60.2744,2
3,60.2794,1
27,60.3747,7
26,60.4417,7
15,60.4489,1,2,4,7
18,60.5097,8,9,1,4,7
39,60.5519,9,1,2,7
24,60.5614,7
23,60.5892,7
19,60.6125,8,9,1,2,4,7
35,60.6633,2,7
21,60.7208,8,9,1,2
22,60.7661,8,9,2,4,7
31,60.8186,2,5,7
24,60.9567,7
39,61.0017,9,3,1,2,5,7
19,61.0083,2,4
41,61.0989,9,3,7
23,61.1136,7
21,61.1161,8,9,2,7
19,61.1578,8,3,2,5,7
18,61.28,2,4,5,7
20,61.3164,8,9,3,2,4
10,61.4089,4,5
11,61.4256,4
12,61.4464,4,5
13,61.4797,4,5
24,61.4833,3,4
14,61.4881,4
37,61.5042,9,3
16,61.5297,4
21,61.54,8,9,3,2,4
19,61.5767,2,4,7
17,61.6256,4,5
18,61.6297,4
22,61.64,8,9,3,1,2,4,5
24,61.6806,5
34,61.685,9,3,1,2,5
29,61.7167,2,4
24,61.7686,1,2,4
33,61.8033,2,4,5
27,61.8583,5
25,61.8603,1,2,4,5
34,61.9019,9,3,1,2,4,5
21,61.9781,8,9,2,4,5
22,62.0992,8,9,3,2
29,62.1669,9,1,2,4,5
20,62.2364,4,5
19,62.2614,4
18,62.3114,4,5
17,62.3406,4
16,62.3672,4
19,62.4683,9,3,1,2,4,5
29,62.4844,5
28,62.5011,5
14,62.5631,4,5
28,62.6011,3,2,4
23,62.6244,8,9,3,1,2,4
22,62.6633,1,2,4
10,62.7078,4
25,62.7328,8,3,1,2,4
26,62.7664,8,9,1,2,4
30,62.8089,2
23,62.8303,1,2
25,62.8831,8,9,1,5
31,63.0511,5
26,63.0608,8,9,3,1,4,5
27,63.1136,8,9,3,1,2,5,6
32,63.1414,2,6
26,63.1444,1,2
28,63.1831,8,9,3,1,2
16,63.2508,9,1
27,63.2886,8,9,2
18,63.3375,9,3,5
28,63.3642,8,9,3,4,5
11,63.4131,4
12,63.4339,4
17,63.4403,9,3,4,5
27,63.4728,8,9
26,63.5256,8,9,2
25,63.5617,8,3
26,63.6061,8,9,1,2,4,6,10
23,63.7472,1,4,5,6,10
15,63.8536,9,3,1,4,5,10
21,63.9375,10
33,63.9903,5,10
27,64.0106,8,9,1,4,5,10
9,64.0219,4,10
31,64.1133,8,9,3,10
32,64.1689,8,9,2,5,6,10
14,64.1794,10
35,64.1958,5,6
10,64.2086,9,4,10
11,64.2217,10
10,64.23,10
9,64.2467,10
34,64.2514,5
11,64.2628,9,3,6,10
7,64.2883,10
6,64.305,10
5,64.3219,10
34,64.3453,8,1
3,64.3803,10
13,64.4017,9,1,4,6,10
25,64.4253,1
14,64.4614,9,3,1,6,10
28,64.5031,1
29,64.5308,1,2
36,64.5675,8,1,2,6
15,64.5697,9,1,4
37,64.6967,8,9,1,2,5
18,64.7094,9,1,4,5
40,64.9622,8,9,1,2,5
8,64.9653,10
9,64.9822,10
10,65.0072,10
11,65.0239,10
12,65.0322,10
36,65.035,5,6
13,65.0489,10
35,65.0597,2,5
14,65.0656,10
15,65.0822,10
36,65.085,5,6
35,65.0961,5,10
41,65.1122,8,3,1,2,5
35,65.1794,5,6,10
32,65.1817,1,2,5,10
32,65.2244,2,6,10
22,65.2406,10
23,65.2489,10
24,65.2572,10
25,65.2656,10
18,65.2703,9,1,2,4,6,10
27,65.2906,10
28,65.2989,10
29,65.3072,10
30,65.3158,10
30,65.3219,1,2,10
7,65.3275,4
38,65.3403,8,9,1,2,10
34,65.3664,10
29,65.3722,2,5,6,10
36,65.3833,10
17,65.4017,9,1,2,4,10
41,65.41,8,5
16,65.4222,9,6
17,65.4461,9,3,5
42,65.4822,8,1,2,5,10
38,65.4917,10
14,65.5656,9,3,4,6
11,65.6111,9,3,1
36,65.635,5,10
9,65.6389,9,3
41,65.6506,8,1
8,65.6606,9,3,1
26,65.6747,1,2
40,65.695,8,1,2
7,65.7017,9
36,65.7183,5
39,65.7228,8,1,5
5,65.7294,9,3,4
17,65.7378,3,4
38,65.7506,8,10
4,65.7517,9
37,65.7728,8,7
15,65.8044,3,2,4
36,65.8889,8,1,2,10
37,65.9086,10
35,65.9756,10
28,66.0025,2,4,6,7,10
10,66.0214,3,1,2
35,66.0358,8,1,2,7,10
30,66.0386,2,6,7,10
34,66.0672,10
9,66.0758,4
10,66.0842,4
33,66.0922,10
32,66.1089,10
5,66.1172,9,1,4
33,66.125,8,7,10
6,66.1367,9,3,4,7
13,66.2383,4,7,10
13,66.2483,9,3,4
37,66.2692,6
15,66.2883,4,10
27,66.3175,10
16,66.3217,4,10
25,66.3342,10
24,66.3425,10
15,66.3483,9,3,1,2,4,10
22,66.3592,10
21,66.3675,10
20,66.3758,10
18,66.38,4,10
18,66.4008,10
17,66.4258,10
16,66.4342,10
15,66.4508,10
34,66.4681,8,9,1,4,5,6,10
39,66.4733,6
15,66.4928,10
10,66.5083,3,10
39,66.5239,6
15,66.5511,10
33,66.5528,8,9,1,5,6,10
15,66.6011,10
14,66.6428,10
13,66.6514,10
24,66.6683,1,5,6,10
31,66.6819,8,9,1,5,10
9,66.7014,10
10,66.725,3,1,10
8,66.7347,10
7,66.7431,10
6,66.7514,10
30,66.7586,8,9,3
5,66.7681,10
4,66.7847,10
28,66.8058,8,9,3,2,5,6
40,66.8197,6
5,66.8336,3
28,66.8392,8,9
4,66.8419,3,4
17,66.865,4,10
4,66.9619,10
25,67.1019,1,4,5,10
16,67.1211,10
15,67.1317,4,10
17,67.1378,10
38,67.1664,6,10
27,67.1728,8,9,1,4,6
2,67.1839,3,10
19,67.2378,10
26,67.245,8,9,3,1,4,10
27,67.3203,8,9,3,1,4,5,6,10
18,67.3381,10
11,67.3508,4,10
16,67.3597,9,3,4
16,67.3903,9,3,4,10
17,67.4339,3,6,10
26,67.4675,8,9,3,1,5,10
26,67.5203,8,3,1,5
25,67.5508,8,3,4
24,67.5731,8,9,3,1,2,4,5,6,10
10,67.6758,4
9,67.7133,4,10
24,67.7219,1,2,4
15,67.7369,9,3,1,10
24,67.8386,10
25,67.8469,10
26,67.8553,10
36,67.8608,5,6,10
16,67.8653,9,3,4,5,10
29,67.8969,10
30,67.9053,10
31,67.9219,10
27,67.9331,3,1,2,6,10
34,67.9636,10
35,67.9719,10
36,68.0803,10
27,68.1228,2,5,6,10
25,68.1553,1,2,5,10
17,68.1911,9,3,1,2,4,5
26,68.2347,2,6,10
40,68.2639,10
41,68.2806,10
40,68.3139,10
27,68.3358,1,2,6,10
25,68.3631,3,1,10
16,68.4106,9,3,4
17,68.4217,9,3
21,68.4797,3,1,4,6,10
16,68.4997,9,3,1,2
20,68.5683,2,10
35,68.5894,10
34,68.6061,10
33,68.6228,10
32,68.6394,10
31,68.6561,10
29,68.6611,1,2,10
24,68.6678,9,3,1
26,68.6956,9,3,5
27,68.715,9,3,2,4
12,68.7686,4,10
13,68.7936,4,10
27,68.8314,10
14,68.8375,2,4,10
28,68.8972,9,3,1,2,4,10
22,68.9481,10
21,68.9564,10
16,68.9603,4,5,10
12,69.0697,2,4,10
16,69.085,4
15,69.0936,4
30,69.1139,1,2,4
33,69.2364,1,2,5,10
32,69.3031,1,2,4,10
31,69.3308,1,2,4,10
29,69.3678,9,3,1,2,4
9,69.4061,4
16,69.4156,2,4
31,69.4986,9,3,1,2,5
18,69.5275,2,5
28,69.5819,1,2,4
24,69.6489,2,10
29,69.6656,1,2
27,69.6925,2
32,69.7364,9,3,1,2
7,69.7478,4,10
6,69.8019,4
31,69.8169,1,2,5
5,69.8481,4,10
26,69.8531,2,5
26,69.8628,9,3,1,2,4,10
24,69.9397,2,4,5,10
35,69.9997,5,10
33,70.1486,1,2,5
28,70.1514,9,3,1,4
29,70.1875,9,3,2,10
19,70.2086,2,10
15,70.2494,10
23,70.2647,8,9,3,2,4,10
24,70.2703,8,9,2,10
12,70.3081,10
25,70.3147,8,9,3,2,10
12,70.3442,2,4
26,70.3481,8,3,2
25,70.3564,8,3,10
24,70.4092,8,3
25,70.4703,8,3,2
24,70.4842,8,9,3,1,2,5,10
8,70.5414,10
26,70.5878,9,3,1,2,5,10
25,70.6144,8,9
26,70.6283,8,9,10
27,70.6422,8,9
28,70.6586,8,9,3
29,70.6708,8,3
6,70.6833,10
5,70.7,10
4,70.7167,10
28,70.8217,8,9,3,1,5
27,70.8578,1,4
21,70.8594,9,3,1
20,70.8733,9,3
27,70.8772,8,9,4
18,70.8956,9,1,5
24,70.9211,1,4
16,70.9233,9,3,1
15,70.9706,9,3,4
7,70.9939,4
28,71.0217,8,9,3,2,4
27,71.155,8,3,1,2,4,5
26,71.1861,8,3
25,71.2,8,9
24,71.2167,8,9,3
25,71.2417,8,9,3,1
24,71.2889,8,9,3,1,4
25,71.3306,8,9,3,1
25,71.3694,8,3,1,2
21,71.3972,3
24,71.4111,8,9,3,1
23,71.4869,3,1,2,4
23,71.4947,8,3
22,71.5086,8,9,2
10,71.5625,9,3,2,4,10
21,71.5892,8,9,10
20,71.6058,8,3,2,10
19,71.6225,8,3,1,10
18,71.6392,8,9,10
16,71.6669,8,9,3,10
11,71.6886,10
12,71.7053,10
13,71.7136,10
14,71.7181,3,1,10
15,71.7197,9,3,10
16,71.7475,10
17,71.7642,10
18,71.7808,10
19,71.7975,10
20,71.8142,10
17,71.8164,9,3,1,2,10
22,71.8308,10
23,71.8392,10
24,71.8475,10
25,71.8558,10
26,71.8647,10
15,71.8661,8,9,3,1,2,4,10
28,71.8897,10
19,71.8939,1,10
30,71.9064,10
31,71.9317,10
16,71.9417,8,9,3,1,2,10
33,71.9567,10
34,71.965,10
17,71.9772,1,2,10
16,71.9858,9,3,1,10
36,71.99,10
15,72.0133,1
37,72.0236,10
12,72.1489,9,3,1,5
17,72.1528,8,9,4
18,72.1694,8,9,3,5
28,72.1856,5
27,72.1978,5
26,72.2103,5
25,72.2186,5
24,72.2297,5
23,72.2408,5
19,72.25,8,9,3,1,5
21,72.2628,5
6,72.2692,1,5
19,72.2853,5
21,72.2972,8,9,3,1,2,5
16,72.3186,5
15,72.3297,5
24,72.3333,8,3,1,5
25,72.3472,8,9,3,4,5
27,72.3778,8,9,3,1,4,5,10
13,72.4075,5
27,72.4194,8,9,3,4,5
8,72.4661,4,5
41,72.4819,10
40,72.5069,10
39,72.5403,10
38,72.5653,10
14,72.5856,5
10,72.6058,9,3,1,2,4,5
16,72.6272,2,4
28,72.6419,8,9,2,4,10
27,72.6475,8,9,3,1,2
8,72.7025,1,2,5
19,72.7122,3,1
16,72.7272,9,3,1,5,10
18,72.7522,5,10
34,72.7658,10
10,72.7719,1,5
19,72.7764,9,3,1
12,72.8108,1,5
20,72.8128,9,3,1
14,72.8356,1,5,10
24,72.8628,9,3,1,5,10
28,72.8892,8,9,5,10
28,72.9114,9,3,1,5
29,72.9197,8,9,1,5
18,72.9469,1,5
28,72.9586,8,9,1,5
33,72.9786,9,3,1,5
27,72.9836,8,9,1
28,73.0031,8,9,1
27,73.0225,8,9,5
36,73.0497,9,2,5
32,73.0967,5
33,73.1189,5
21,73.1303,2,5
37,73.1564,9,3,1,2
23,73.2058,2,5
16,73.2147,1,2,5
13,73.2539,1,2
26,73.3478,8,9,1,5
33,73.3744,5
8,73.3789,1,4
34,73.4136,5
7,73.4747,4
36,73.5803,5
6,73.6206,4
35,73.6303,5
7,73.6667,4
6,73.7792,4
30,73.7822,10
6,73.7958,1,2,4
26,73.8069,2,10
5,73.8156,1
26,73.8283,8,9,1,2,4
25,73.8478,8,9,3,1,2,10
30,73.8647,2,5,10
9,73.8917,4,10
10,73.9125,4
11,73.975,4,10
12,74.0,4,10
13,74.025,4,10
24,74.0442,3,1,2,4,10
14,74.0542,4,10
36,74.0914,5,10
16,74.1,4,5,10
17,74.1583,4,10
35,74.1739,2,4
6,74.2414,1,4,10
21,74.2994,10
20,74.3078,10
19,74.3161,10
18,74.3244,10
14,74.3306,4,10
13,74.3614,4,10
12,74.3739,4
11,74.3989,4
10,74.4197,4
9,74.4447,4
8,74.5864,4,10
7,74.7322,4
8,74.7697,4
7,74.8656,4,10
17,74.9253,10
26,75.0675,8,9,3,1,4,10
16,75.0883,1
27,75.0925,8,9,1
18,75.1133,1
36,75.1961,9,3,1
26,75.2342,8,9,3,4
27,75.6242,3,4
6,75.7947,4
38,75.8992,9,3
5,75.9133,4
37,75.9547,9,3
36,76.0297,9,3
4,76.0464,4
35,76.1406,9,3
24,76.3569,3
36,76.4258,9,3
37,76.4397,9,3
37,76.6539,9,3
31,76.8567,9,3
23,77.1914,9,3,1,7
18,77.3106,1
27,77.3128,8,9,1
16,77.3383,1,4,5
34,77.8636,5,10
18,77.9358,10
6,77.9978,4,10
29,78.0094,8,3,1
8,78.0564,4
12,78.0986,1,4,10
25,78.1344,8,9,1,10
24,78.1456,8,3,1
23,78.1594,8,9,1,10
22,78.1733,8,9,1,2,10
21,78.19,8,9,3,1,4
20,78.2039,8,9,3,1
22,78.2236,1,4,10
23,78.2347,1,2
24,78.2486,1,2
25,78.2597,1,2
17,78.2706,8,9,3,1
27,78.2847,1
13,78.3025,9,1
29,78.3153,1,2,10
16,78.3289,8,9,1,2
9,78.3525,9
15,78.3622,8,9,1,10
30,78.3667,1,2
7,78.3997,9,4
14,78.4094,8,9,1
5,78.4247,9
27,78.4303,3,1,2
4,78.4469,9
28,78.4553,3,1,2,10
26,78.4911,1,2,10
32,78.5114,2
5,78.5442,9,1,10
15,78.5494,8,9,7,10
7,78.5803,9,3,10
14,78.6078,10
35,78.6136,5,10
9,78.6219,9,3
14,78.6689,8,9,7,10
13,78.6911,8,9,4
34,78.6969,5,10
11,78.7328,8,3,4,10
7,78.7522,4
10,78.7578,8,3,4
32,78.8261,2,5
34,78.8358,5
11,78.8525,8,9,3,2
34,78.9133,5,10
34,78.9344,2,5,10
14,78.9744,9,3,1,2,10
35,78.9922,2
12,78.9969,8,9
13,79.0581,8,3,10
19,79.1886,3,1,2,5,10
14,79.2831,8,3,5
13,79.2858,8,3,5
32,79.3136,5
31,79.3303,5
30,79.3469,5
29,79.3636,5
5,79.3719,3
29,79.4525,5,10
12,79.4586,8,9,3,5,10
2,79.4969,3,4,10
35,79.5125,2
13,79.5447,8,9,3,5,10
19,79.5794,9,1,2
12,79.6503,8,9,1,5,7
24,79.6692,1
12,79.7697,8,9,1,7
24,79.8542,1,2,7,10
17,79.8881,9,1
13,79.8944,8,9
17,79.9353,9,2,10
14,79.96,8,9
17,80.03,9,4,5,7
15,80.0517,8,9,7
16,80.1717,8,9,2,7
18,80.2097,9,7,10
17,80.2494,8,9,1,2,4,10
19,80.2747,10
18,80.2831,10
10,80.3128,4,10
16,80.3581,10
15,80.3831,10
14,80.3997,10
13,80.4164,10
17,80.4275,8,9,2,4,5,10
18,80.4553,8,9,1,2,5,10
22,80.5006,1,2,4,5,10
10,80.525,10
31,80.5792,5,10
19,80.5858,8,9,1,5
14,80.6089,1,5,10
14,80.6669,10
20,80.6739,8,9,1,5,10
34,80.6792,5
9,80.6978,1,4
35,80.7553,2,5,7,10
5,80.77,1
21,80.7917,8,9,1,7
2,80.8144,1
22,80.9089,8,9,1,5,10
3,80.9533,1,7
24,80.9597,8,9
28,81.0975,8,9,2,10
38,81.1094,2,5,10
29,81.1294,5,10
28,81.1461,5,10
27,81.1572,5,10
26,81.1739,5,10
24,81.1839,10
25,81.185,5,7,10
15,81.1889,9,1,5,10
27,81.2175,10
28,81.2258,10
23,81.2294,5,7,10
22,81.2406,5,7,10
31,81.2675,10
32,81.2758,10
33,81.2925,10
21,81.2961,5,10
35,81.3175,10
36,81.3258,10
36,81.3417,2,5,10
3,81.3778,1,4
27,81.3881,8,9
4,81.4028,1,5
25,81.5106,8,9,5,7,10
24,81.5439,8,9,5
18,81.6072,5,10
17,81.685,5,10
27,81.6933,8,9,4,5,10
29,81.7708,8,9,2,5,10
30,81.7958,8,9,5,6,10
29,81.8264,10
28,81.8597,10
27,81.8764,10
26,81.9014,10
34,81.9247,6,10
33,81.9647,6,10
34,81.9969,6
2,82.1514,3,5
34,82.1531,8,9,10
3,82.1597,3,4
28,82.1933,10
29,82.2017,10
30,82.2183,10
31,82.235,10
32,82.2433,10
35,82.2581,8,10
8,82.2597,3
36,82.2731,8,10
9,82.2931,3,4
35,82.3036,8
36,82.3203,8,9,10
12,82.3764,3,4,7
37,82.4,8,6,7,10
35,82.4789,6,10
16,82.4992,9,3,6,7,10
36,82.5875,8,9,3,2,7,10
12,82.5986,9,3,7
34,82.6331,8,10
9,82.6347,9,4
35,82.7267,2,7,10
33,82.7625,8,3,2,10
31,82.7939,10
30,82.8106,10
29,82.8189,10
34,82.8394,2,6,7,10
28,82.8442,10
27,82.8608,10
6,82.8817,9,4,10
33,82.8944,6,10
7,82.8983,9,3
35,82.9061,2,5,6,7
10,83.0156,9,3,5,7,10
33,83.0522,6,10
11,83.0539,9,3,5,10
22,83.1025,10
12,83.1067,9,3,5,10
29,83.1322,8,9,3,2
14,83.1728,9,3,5,10
19,83.1861,10
28,83.2158,8,9,3,5,7,10
17,83.2789,3,7,10
27,83.2942,8,9,3,10
15,83.3111,10
14,83.3278,10
13,83.3361,10
12,83.3528,10
11,83.3611,10
15,83.3647,9,1,5,10
9,83.3861,10
8,83.4194,10
7,83.4278,10
6,83.4364,10
26,83.4442,8,9,3,5,6,10
2,83.4461,1,10
35,83.4656,2
4,83.4739,1,10
25,83.4969,8,3,1,2,4,6
26,83.5164,8,9,1,6
4,83.545,10
8,83.5489,1,10
33,83.555,2,5
9,83.5628,1
15,83.5703,9,1,2,10
7,83.6033,10
11,83.6064,1,2,10
12,83.6256,1,2,5
13,83.6367,1,2,6,10
27,83.6389,8,9,1
15,83.6589,1,2
16,83.67,1,2
17,83.6811,1,2
18,83.695,1,2,5,6
19,83.7089,1,2
20,83.7256,1,2,7
21,83.7422,1,2
23,83.7644,1,2,5,10
25,83.7867,1,2,10
25,83.7972,8,9,3,1,2,4,5
23,83.8156,5
24,83.8322,5
25,83.8711,5,10
25,83.8883,1,2,4,5
15,83.9289,9,3,1,4,5,10
16,83.9833,9,3,4,5,10
26,84.0392,8,9,1,2,4,6,10
27,84.0919,8,9,4,5,6,7,10
15,84.1428,4,5,6,7,10
17,84.1656,10
18,84.1822,10
17,84.2072,10
16,84.2261,4,5,6,7,10
24,84.2403,7
23,84.2703,7
30,84.2875,5,7
28,84.3647,8,3,1,4,5
27,84.3778,1
18,84.3853,3,1
29,84.4003,8,3
29,84.4419,8,3,1
28,84.4781,8,9,1,4,5,6
33,84.5658,6,7
25,84.5781,8,9,1,2,4,5,6,7
24,84.5972,1,4
23,84.625,1,2
26,84.6467,8,3,1,2,5,6
22,84.7094,2,4,6,7
21,84.7236,3,2,10
27,84.7383,8,3,2
23,84.7822,3,2,10
28,84.7883,8,3,2
27,84.8431,2,4,10
19,84.9681,4,7
26,84.9806,8,9,3,1,2,4,7
25,85.0278,8,9,3,2,10
26,85.0528,8,9,2
25,85.0722,8,9,2,4,6,7,10
16,85.1528,4,6,7,10
26,85.175,8,9,3,2,4,6,7
14,85.1944,4
13,85.2153,4
25,85.2197,8,9,4,7
22,85.2497,7
11,85.2569,4,7,10
38,85.2675,6
10,85.2736,4
24,85.2783,8,9,4,7
8,85.3111,4,7
7,85.4111,4,7,10
12,85.4144,9,3,4
34,85.4269,2,5,6
23,85.46,8,9,2,4,5,7,10
22,85.5267,8,9,2,4,5,10
22,85.5711,8,9,2,6,10
33,85.5972,2,10
23,85.5989,8,9,2,10
31,85.6867,2,5,6,10
17,85.72,9,3,2,5,10
24,85.7822,10
25,85.7989,10
13,85.8144,9,3,2,10
22,85.84,8,9,1,5,10
28,85.8739,10
21,85.8794,8,9,5,10
20,85.9125,8,9,5,7,10
25,85.9322,10
18,85.9572,8,9,4,5,7,10
17,86.0908,10
16,86.0992,10
15,86.1658,10
17,86.1828,8,9,3,2,4,5,7,10
16,86.1958,8,9,3,2,7,10
16,86.2911,10
22,86.2958,3,2,4,5,7,10
11,86.3158,4,7
10,86.3408,4
11,86.345,4
33,86.3483,2
18,86.4161,9,3,2,6,7
22,86.4744,9,3,2,4,6,7,10
39,86.5381,6,7
40,86.5633,6,7
27,86.6017,9,3,1,2,4,6,7,10
15,86.6153,8,9,1
21,86.6475,1,4,5,6
29,86.6517,9,1,10
16,86.6711,8,9
15,86.7072,8,9,1
14,86.7239,8,9
13,86.7406,8,3,4
33,86.7767,9,5
11,86.8044,8,4,10
35,86.8239,9,1
12,86.8267,8,1
18,86.9119,1,2,4,10
8,86.9161,4
36,86.9322,9,3,1
13,87.0033,8,1,7,10
40,87.0256,6,7
13,87.1958,1,5,7
35,87.1983,2
12,87.2125,1,4
36,87.28,2,5,7,10
15,87.2831,8,3,1
17,87.2942,3,4,5
9,87.3083,4,10
39,87.3253,9
16,87.3442,8,1,4,6
10,87.35,4
9,87.3667,4,10
34,87.3742,5
10,87.4,4,7
9,87.4042,4
18,87.4108,8,9,1,4
19,87.4581,8,9,1,4,6,10
22,87.4839,10
23,87.5006,10
20,87.5194,8,9,1,5,10
21,87.5567,8,9,3,4,6,10
22,87.5872,8,3,6,10
23,87.6592,10
23,87.6817,8,9,3,1,6,10
24,87.7011,8,9,10
25,87.7428,8,9,3,10
27,87.7633,9,10
26,87.7761,8,9,6
25,87.805,9,4,6
8,87.8797,4,10
15,88.4433,8,9,1,2,4,5,6,10
4,88.4444,4
35,88.4464,5
3,88.4819,4
25,88.4931,9,3,1,2,10
16,88.5156,8,9
17,88.535,8,9,2,5
18,88.5906,8,9,3,2,4,6
29,88.6308,2,5,10
16,88.7342,8,9,2,4,5,6,10
17,88.835,10
34,88.8847,6,10
28,88.9475,9,1,5,6
32,88.9675,6,10
19,89.01,1,2,5,6,10
18,89.0211,1,2
15,89.0897,8,9,1,2
14,89.1286,8,9,3,1,6,10
17,89.2686,1,2,4,6,10
23,89.2881,10
24,89.3214,10
26,89.3533,9,3,1,4,6,10
13,89.3794,8,9,4,10
16,89.9011,8,3,4,6,10
21,89.9719,10
22,90.0306,10
15,90.0358,8,9,3,1,2,4,6,10
14,90.1206,8,3,1,4,6,10
19,90.2139,10
18,90.2306,10
17,90.2472,10
16,90.2556,10
33,90.2917,6,10
34,90.3239,6
26,90.3533,1,4,5,6
33,90.4397,5
32,90.4619,5,10
31,90.4897,5
22,90.4928,8,3,1,4,5
24,90.5661,3,5
23,90.5844,8,9,3,10
22,90.7111,8,3,2,5,10
18,90.7661,3,5
21,90.7947,8,3
12,90.8494,3,5
20,90.8725,8,3
21,90.8919,8,3,2,5
29,90.9089,5
7,90.9578,3,1,4,10
22,90.9633,8,3,1,5
1,91.0994,3,4,10
24,91.11,8,9
0,91.1244,3
35,91.1417,2
21,91.1756,1,2
25,91.2336,8,1,6,10
26,91.2558,8,9,1,2,5,6
35,91.3336,6,10
36,91.3975,6,10
10,91.4258,9,1
32,91.4789,2,6
38,91.5083,6,10
37,91.5986,6,10
8,91.6214,4
22,91.6272,1,2,4
21,91.7531,1,2,4,5,6,10
33,91.7589,2,5
34,91.8319,5,10
35,91.8597,5,6
5,91.8728,4
20,91.9161,1,2,4,5
28,91.9414,2,10
21,91.9653,10
22,91.9819,10
23,91.9906,10
24,91.9989,10
25,92.0072,10
26,92.0239,10
21,92.03,1,2,5,6,10
7,92.0367,9,3,1,10
30,92.0656,10
8,92.0867,9,3,1,2,10
31,92.0906,10
32,92.0989,10
33,92.1156,10
34,92.1239,10
8,92.125,3,1,2,4
36,92.1803,5,10
9,92.1997,9,3,1,2
28,92.2072,2,4,5,6,10
36,92.3239,6,10
32,92.3272,10
31,92.3439,10
30,92.3689,10
29,92.3856,10
28,92.3939,10
7,92.4086,9,3,1,4
34,92.4208,5,10
33,92.4319,5,10
10,92.4378,4
23,92.4431,1,4,5,6,10
23,92.4689,10
12,92.4753,4,5,10
13,92.4961,4,5
14,92.5169,4
15,92.5419,4
16,92.5628,4
17,92.5836,4,10
20,92.6042,1,2,4,5
4,92.6158,9,3,1,10
19,92.6858,10
29,92.7153,5,6,10
22,92.7333,1,2,4,5
35,92.7514,2,5,6
11,92.8092,3,1,5,10
39,92.8706,2,5,6,10
19,92.9944,10
20,93.0278,10
21,93.0444,10
16,93.0506,4,5,10
24,93.0583,1,2,4,5,6,10
25,93.0947,10
31,93.0989,5,6,10
27,93.1114,10
32,93.1211,5,10
28,93.1281,10
29,93.1447,10
30,93.1531,10
31,93.1697,10
32,93.1781,10
5,93.1897,9,3,1
34,93.2467,6
31,93.2544,5,6
33,93.2719,6
10,93.2814,9,3,1
34,93.3117,6
13,93.3247,9,3
15,93.3497,9,3,6,10
16,93.3867,9,3,4,5,6
17,93.4044,9,3,10
16,93.4486,9,3,5
17,93.4619,9,3,1,4,6
19,93.4897,9,3
20,93.5092,9,3,1,4,6,10
32,93.5119,10
11,93.5506,4,5
20,93.5639,3,4,5
33,93.6158,5,10
21,93.6231,9,3,1,2,4,5,6
21,93.6839,1,2,4,6
22,93.6917,9,3,1,5,10
23,93.7256,1,6
23,93.7794,9,3,1,6,10
26,93.8931,9,3,2,4,5,10
32,93.9403,10
30,93.9672,10
32,93.9706,10
36,93.9769,5,6,10
31,93.9872,10
7,94.0006,4
30,94.0039,10
29,94.0122,10
6,94.1256,4
34,94.1381,5,6,10
29,94.1556,9,3,1,5
31,94.1936,5,6
30,94.2158,5
27,94.2333,9,3,1,2,4,5,10
30,94.3931,1,2,5,6,10
36,94.4425,6
27,94.4628,9,3,1,4,5,6
28,94.4992,5,10
30,94.5036,1,5
26,94.5436,5,6
27,94.5736,1,2,4,5,6,10
23,94.6711,10
24,94.6794,10
21,94.6925,9,3,1,4,5,10
26,94.7044,10
27,94.7128,10
28,94.7211,10
29,94.7378,10
30,94.7461,10
31,94.7631,10
25,94.7772,5,6,10
24,94.7939,5,10
23,94.8106,5
28,94.8211,1,5
13,94.8347,9,3,1,5,10
19,94.8717,5
18,94.8828,5
17,94.8994,5
16,94.9106,5
15,94.9217,5,10
14,94.9269,5
13,94.9494,5
26,94.9742,1,5
24,95.0075,1,2,5
23,95.0492,1,2,4,10
32,95.0631,10
8,95.12,4,5
34,95.1406,6
11,95.1606,5
7,95.1658,4,5
6,95.1908,4,5
5,95.22,4,5
8,95.2661,5
36,95.2983,2
9,95.3022,1
35,95.32,2
8,95.3272,1
34,95.3344,2
8,95.3772,5
9,95.4161,5
10,95.4383,5
9,95.5017,1,4,5
11,95.56,1,2,4
15,95.6156,1,2
17,95.6489,1,2
18,95.6572,1,2
19,95.6794,1,2,4
4,95.7575,4,5
14,95.8328,5
15,95.8417,5
23,95.8508,1,2,4,5
17,95.8639,5
18,95.8806,5
19,95.8917,5
24,95.9036,1,2,4,5
6,95.9161,4
27,95.9203,2,5
21,95.975,5
22,95.9972,5
23,96.0083,5
24,96.0194,5
23,96.0286,1,2,4,5
26,96.1506,1,2,4,5,10
32,96.2094,10
31,96.2408,10
28,96.2528,5,10
29,96.2658,10
29,96.2694,5,10
30,96.2861,5,10
29,96.2872,2,5,10
25,96.3033,1,2,10
24,96.3242,10
23,96.3325,10
31,96.3414,2,10
20,96.3661,10
24,96.3842,1,2,10
37,96.3967,9,3,1,2
9,96.4056,4
36,96.4217,9,3,1,2,5,10
37,96.4353,2,5
32,96.4642,5
35,96.4675,9,3,1,2,5
26,96.5147,1,2,5,10
27,96.5708,8,9,3,1,2,4,5
28,96.6183,5,10
28,96.6369,8,9,1,2,4,5
23,96.6675,1,4,5
21,96.6897,1,2
20,96.7036,1,2
29,96.7261,8,9,1,2,4,5
8,96.7344,4
9,96.7514,4,5
30,96.7733,8,9,1,2,4,5,10
39,96.8347,2,5
35,96.8786,9,1,2,10
41,96.8961,2
20,97.0342,1,2,4,10
18,97.0619,1,2,4
7,97.2511,4,5
39,97.3381,2,5
28,97.3683,5
27,97.4017,5,10
5,97.4056,4
19,97.44,1,2,4,5,10
18,97.5042,10
19,97.5125,10
29,97.5628,5,10
30,97.5906,5,10
6,97.5975,4
31,97.6572,5
32,97.6739,5
5,97.685,4
6,97.6933,4
23,97.7847,1,2,4,5,10
36,97.8628,5,10
24,97.8764,1,2,5
23,97.8903,1,2,5
36,98.0519,2,5,10
24,98.2739,1,2,4
6,98.335,4
7,98.4392,4
31,98.5931,8,9,1
8,98.5967,1,4
30,98.6958,8,9
31,98.7244,9,2
6,98.7272,1,4
8,98.7308,4
36,98.7569,2
7,98.8561,1,4
36,99.0897,2
8,99.1144,1,4
7,99.1564,4
30,99.1897,9,3,1
13,99.2089,1
25,99.2928,9,3,1,4
31,99.3267,8,9,3
5,99.3475,4
34,99.3581,3,1
23,99.3844,9,3
30,99.3878,8,9,3
30,99.4169,3,1
29,99.4183,8,3
28,99.435,8,3
27,99.4656,8,9
20,99.5733,9,3,1,4
17,99.6014,1,4
28,99.8267,8,9,3,1
24,99.8767,8,3
25,99.96,8,3
26,99.9944,8,9,1
17,100.2211,9,1,4
5,100.2353,4
4,100.3019,4
24,100.3283,1,4
25,101.0586,8,9,1
26,101.1031,8,9,1
16,101.1486,9,1
29,101.2572,1
25,101.7475,8,9,1
29,101.8386,1,5
34,101.9506,5,10
20,102.1814,10
21,102.1897,10
22,102.2064,10
23,102.2147,10
24,102.2231,10
25,102.2314,10
26,102.2397,10
27,102.2481,10
28,102.2647,10
29,102.2731,10
30,102.2814,10
31,102.2981,10
32,102.3064,10
33,102.3147,10
34,102.3231,10
3,102.3339,8,9,1,10
36,102.3483,10
37,102.3567,10
38,102.365,10
39,102.3817,10
40,102.3983,10
23,102.4025,1,10
41,102.4067,10
42,102.415,10
7,102.4272,8,9,1
44,102.4483,10
45,102.465,10
46,102.4817,10
47,102.49,10
48,102.515,10
35,102.5978,2,10
49,102.6153,10
9,102.6386,8,9,3,1
48,102.6736,10
10,102.6747,8,9
36,102.6764,2,10
12,102.7192,8,9
46,102.7319,10
24,102.7489,9,2,7,10
26,102.8253,9,3,1,2,7,10
13,102.8278,8,9,7
42,102.8486,10
13,102.8722,8,9,3,7
40,102.9192,10
39,102.9403,10
25,102.9808,9,3,2,4,7,10
23,103.0317,7,10
22,103.1231,7,10
34,103.1403,2,7,10
14,103.1417,8,9,2
15,103.1694,8,9,7,10
23,103.2683,7,10
31,103.2992,10
17,103.3081,8,9,3,1,2,7,10
27,103.3761,3,2,5,10
17,103.3819,9,3,1,2,4,7,10
27,103.3975,10
26,103.4142,10
25,103.4225,10
24,103.4267,7,10
23,103.4392,10
22,103.4475,10
21,103.4558,10
25,103.46,7,10
34,103.4611,2,5,7,10
6,103.4867,4,7,10
7,103.4908,4
8,103.5283,4,7,10
25,103.6192,1,2,4,5,7
35,103.6564,5,10
36,103.6675,5
37,103.6842,5
14,103.695,8,9,3,1,2
38,103.7008,5
17,103.7756,10
37,103.7842,5,10
36,103.8008,5
7,103.8369,8,9,4
32,103.8456,2,7
2,103.9258,8,9,4,10
1,103.9481,8,9
28,103.9564,2
0,103.9731,8,9,10
26,104.0006,2,7
24,104.0019,7
25,104.0186,7
1,104.0453,8,9
26,104.0469,7
27,104.0633,7,10
28,104.0744,7
2,104.0869,8,9,4,10
11,104.1578,4,7,10
27,104.1706,2,4,10
25,104.1886,1,2,7
26,104.2053,1,2,4,7
17,104.2192,9,1,4,7
27,104.2219,1,2
3,104.235,8,9,4,10
27,104.265,3,1,4,5
36,104.3508,5,7
4,104.3658,8,9,3
34,104.4222,7
22,104.4233,3,1,5,7
29,104.4428,1,5
5,104.4492,8,9,3
20,104.465,3,1,2,7,10
31,104.5167,7
30,104.5389,7,10
32,104.5411,2,5,7
28,104.5867,7,10
31,104.6011,5,7
30,104.6289,5,7
30,104.7061,1,2,4,5,7,10
20,104.81,10
19,104.8183,10
18,104.835,10
17,104.9433,10
17,104.9683,4,7,10
23,105.105,7
22,105.1383,7,10
16,105.1975,4,5,7
15,105.2475,4,7
17,105.3367,9,3,1,4,5
28,105.4456,5,7
34,105.4686,1,4,5,7
25,105.4831,5
24,105.4997,5
23,105.5164,5
22,105.5275,5
21,105.5442,5
20,105.5553,5
19,105.5664,5,7
18,105.5775,5
16,105.5933,4,5,7
6,105.6272,8,9,4,5,7
13,105.6775,5
14,105.7108,5
13,105.7219,5,7
12,105.7664,5
33,105.7833,1,4,5
11,105.8108,5,7
19,105.8467,8,9,1,5
20,105.8578,8,9
21,105.8717,8,9,1,7
22,105.8883,8,9,1,7
24,105.9189,8,9,1,4
26,105.9475,1,4
11,106.0056,4
10,106.0153,4
9,106.0356,4,5
28,106.0467,8,9,1,4
7,106.1022,4
6,106.1189,4,5
5,106.1689,4,5
6,106.2439,4,5
24,106.2533,1,4,5
17,106.2931,5
18,106.2986,5
27,106.3056,8,9,1,2,5
20,106.3208,5
21,106.3319,5
22,106.3486,5
23,106.3653,5
24,106.3708,5
25,106.3875,5
27,106.4003,8,9,1,5
27,106.4264,5
28,106.4375,5
29,106.4542,5
30,106.4708,5
27,106.5061,1,4,5
35,106.5078,9,1,2
29,106.5839,1,2
28,106.5975,8,9,1,4
9,106.6606,4
10,106.6814,4
36,106.6872,9,1,7
27,106.8283,8,9,1,4,7
31,106.9344,1,5,7
24,106.9542,8,9,1,5,7
28,106.9564,7
1,106.9739,3
23,106.9842,8,5
21,107.0425,8,3,2,5,7
20,107.0592,8,9
37,107.1514,9,1,5,7
33,107.1997,1,5,7
10,107.2572,3
37,107.2711,5,7
14,107.2786,8,3,1
35,107.3442,1,5
13,107.3508,8,3
36,107.3636,1,5
40,107.4322,5,7
41,107.4822,5,7
14,107.6133,8,3,4
16,107.7128,3,7
15,107.7258,8,3,7
48,107.7631,1,5
16,107.79,8,3
19,107.8317,8,3,2,4,7
8,107.8733,4
46,107.8794,1,2
47,107.91,1,2
20,107.9372,8,9,3,2
21,108.0153,8,9,2,4
48,108.0433,1
7,108.1317,4,7,10
8,108.2067,4
24,108.2517,8,9,3,2,4
25,108.2933,8,9,3,7
26,108.3908,8,9,1,4,7
8,108.3942,4,7
7,108.4067,4
8,108.4442,4
45,108.4511,1
28,108.5103,8,9,3,1,7
41,108.5233,1
34,108.6483,1,2
7,108.715,4,7
6,108.7319,4
32,108.7364,1,2
23,108.7681,3,1,4
4,108.7706,4
3,108.7903,4
36,108.8142,9,3,2
2,108.8319,4
1,108.8528,4
0,108.8736,4
35,108.9886,2,7
33,109.0003,9,3,1,2
26,109.4083,8,9,1
25,109.4111,8,9,5
24,109.425,8,3,5
21,109.4722,8,9,1,5,7
16,109.5333,8,3,1,5,7
14,109.5914,8,3
10,109.6503,8,9,7
30,109.6822,9,5
35,109.7378,5,7
7,109.7447,8
30,109.7572,9
6,109.7614,8
5,109.7781,8,3
31,109.8231,9,1,7
30,109.8369,9,3,1,5
3,109.8731,8
35,109.8942,1
31,109.9008,9,1
36,109.9108,1
5,109.9175,8
37,109.9303,1
10,110.1258,8,3,4,7
35,110.1492,5,7
36,110.16,5
2,110.1653,4
3,110.1861,4,7
49,110.2131,1,5
5,110.2361,4
34,110.2544,5
6,110.2736,4
7,110.2903,4
8,110.3111,4
12,110.3178,8,9,3,4
27,110.4022,9,3,5
13,110.4094,8,9
48,110.4122,1
9,110.4153,4
31,110.4489,5
30,110.4656,5
45,110.4808,1,2,5
27,110.5272,9,3,1,5
14,110.5372,8,9
42,110.5475,1,5
15,110.5983,8,9
16,110.6456,8,9
39,110.6481,1
18,110.6786,8,9,3,1,2
19,110.7011,8,9,1
23,110.7331,9,1
20,110.7511,8,9
19,110.7836,9,5,7
29,110.8158,5
30,110.8492,5
21,110.8514,8,9,1,5
22,110.8817,8,9,3,5,7
23,110.9094,8,9,5
24,110.9511,8,9,5,7
28,110.9825,5
27,111.0161,5,7
25,111.0261,8,9,5
27,111.1011,8,9,3,1,5,7
21,111.1722,3,1,5
26,111.2014,8,9,3
18,111.2389,3,1
25,111.3047,8,9,3,1,5
24,111.3575,8,9,3,7
16,111.5072,9,3,5,7
25,111.5136,8,9
26,111.5297,8,3
27,111.5436,8,9
28,111.5714,8,9,3,5
27,111.5992,8,9
26,111.6431,9,5
30,111.6889,9,3,5
26,111.7519,8,9,3
25,111.8164,8,3,5,7
24,111.8619,8,9
29,111.9108,9
25,112.385,8,9,1,2,4,5,7,10
17,112.3939,4,7,10
22,112.4094,4
17,112.4106,4
24,112.4186,8,3,4
17,112.4272,4,5,10
26,112.4428,4
16,112.4439,4
26,112.4603,8,9,2,4
15,112.4772,4
27,112.4825,8,9,1,4,7
23,112.5039,7
14,112.5106,4,7
24,112.5261,4,5,7
14,112.5272,4
23,112.5428,4,7
13,112.5517,4,7
12,112.5542,4
27,112.5594,9,3,4,7
19,112.5761,4,7
18,112.5928,4,7
26,112.6081,3,4,7,10
28,112.6242,8,9,3,4,7,10
10,112.6417,4,7
12,112.6539,7
25,112.6567,9,4,7
27,112.6631,8,9,4
9,112.6708,4,7
11,112.6761,4,7
9,112.6833,4
8,112.6917,4,7
23,112.7147,9,1,2,4,7,10
5,112.7372,7
22,112.7461,9,3,1,5,7
4,112.8094,7
27,112.8156,1,2
26,112.8439,1,2
28,112.8619,8,9,3,1,2
24,112.8828,1
23,112.9078,1,2
2,112.9208,7
3,112.9319,7
2,112.9486,7
30,112.9686,2
22,113.0242,1,2,7
4,113.0656,7
5,113.1044,7
29,113.1547,8,3,1,5
35,113.2275,5
4,113.2544,7
28,113.2839,8,9,1,2,5
2,113.31,7
23,113.3428,9,1,2,5,7
26,113.3914,9,3,2,5
1,113.4047,7
2,113.4103,7
1,113.4269,7
29,113.4411,9,3,1,2,5
0,113.4492,7
30,113.4772,9,3,2
29,113.485,8,9
29,113.5683,8,9,3,1,2
29,113.6686,8,3,1
27,113.7072,8,9,3,2
35,113.8072,2,10
41,113.8503,10
8,113.8517,4
7,113.86,4
5,113.8781,4
7,113.885,4
40,113.8936,10
6,113.8947,4
7,113.9017,4
26,113.91,8,9,3,1,2,4
7,113.9142,4
8,113.9433,4
19,113.9642,3,2,4
25,113.9911,8,9,3,1,2,5,10
37,114.0603,10
36,114.0769,10
35,114.0936,10
34,114.1186,10
33,114.1353,10
32,114.1769,10
31,114.2019,10
30,114.2103,10
31,114.2519,10
35,114.2664,5,10
23,114.2964,1,2,4,5
35,114.3331,5
24,114.3686,1,2,5,10
32,114.4022,10
33,114.4189,10
34,114.4272,10
35,114.4439,10
26,114.4633,1,2,4,5,10
36,114.5886,5,10
25,114.6356,1,2,5,6,10
22,114.67,8,9,1,4,5,10
36,114.7164,5,6,10
9,114.7208,4
25,114.7289,8,9,1,2,4,5,10
29,114.9217,9,1,2,5,10
7,114.9667,4,10
8,115.1003,4,7,10
30,115.1231,9,3,2,10
9,115.1419,4
30,115.1481,9,3,6
9,115.2544,4,7,10
24,115.2589,8,9,4
10,115.2628,4,7
36,115.2892,6
9,115.2919,4
36,115.2942,5
8,115.3031,7
35,115.3053,5
10,115.3086,4
35,115.3294,9,3,1,6
9,115.3503,4
25,115.3733,8,9,4
26,115.4158,8,9,1,6
28,115.4464,8,9,1,2,10
25,115.5056,1,4,5
36,115.5489,5,6
9,115.6014,7
35,115.6236,6
37,115.635,9,1,5,6
29,115.6578,8,9,2,7
38,115.7264,2,5
12,115.7564,7,10
39,115.7689,9,3,1,2
28,115.8089,8,9,4,5,6,7
38,115.8497,6
27,115.8517,8,3,1,2,6,7,10
40,115.8803,6
38,115.8858,2,6
15,115.9456,7
42,115.9692,6
16,115.9789,7
41,115.9836,6
27,116.0078,1,2,6,10
28,116.0328,1,2,7,10
28,116.0433,8,9,3,1,2
28,116.0814,2,4,6
29,116.1103,8,9,3,2,6,7
32,116.1336,3,1,6,7,10
22,116.1661,7,10
39,116.1794,9,3,2,6,7
24,116.2108,7
39,116.2633,6,7
37,116.2836,3,1,2,5,6
33,116.3428,5,10
32,116.3494,1,2,5,10
32,116.3594,5,6
9,116.3647,4,10
26,116.3961,10
30,116.4025,5,6,10
38,116.4233,9,3,1,2,5
30,116.4692,5,6,10
35,116.5364,6,10
31,116.5464,10
9,116.5522,4,5
32,116.5794,10
8,116.5814,4
32,116.6964,10
31,116.7131,10
28,116.7408,8,9,1,2,4,5,6,10
27,116.7639,5
28,116.7694,5
29,116.7908,8,9,5,10
34,116.8344,9,10
7,116.8481,4
30,116.8764,8,9,1,2,6
29,116.8969,8,9,1,6
31,116.9714,9,1,2,5,6
28,117.0583,8,9,1,5
28,117.175,8,9,1,5,6
29,117.2111,8,9,1,2,5
34,117.2461,5
29,117.2603,2,5
36,117.4294,5,6
30,117.4414,1,2,5
28,117.4564,8,9,1,6
36,117.5114,6
28,117.5178,9,1,2,6
27,117.6011,8,9,2,6
37,117.6736,6
38,117.6914,6
39,117.6942,6
26,117.7094,8,9,2,6
25,117.7456,8,9,6,10
28,117.7639,10
24,117.765,8,9,1,10
23,117.7817,8,9,4,10
22,117.7956,8,9,10
26,117.8283,9,1,10
20,117.8378,8,9,10
17,117.8753,8,9,1,2,4,5,10
39,117.965,6,10
38,117.9758,6
37,117.9847,5,6
36,117.9906,5,6
37,117.9961,5
27,118.0108,9,1,2,4,5,6
40,118.1692,2,5,6
40,118.1939,6
24,118.2583,1,2,6
48,118.3011,2,5,6
39,118.3419,6
22,118.4083,1,5,6
18,118.4503,8,9,1,6
33,118.4664,9,1,6
31,118.5192,9,3,1,6,7
19,118.5392,8,9,3,6
20,118.5586,8,9
22,118.5842,8,9,3,6
24,118.6256,8,9,6
26,118.6406,8,3
27,118.6544,8,9
28,118.7644,8,3,1,2,4,5,6
27,118.795,8,9,3,1,2,6
44,118.815,2,6
25,118.8411,3,1,2
41,118.8656,2,6
28,118.92,8,9,3,2,6
37,118.9611,2,6
25,118.9936,6
24,119.0044,6
29,119.0375,8,9,1,2,6
28,119.0539,8,9,3,1,2,6
27,119.1147,1,2,6
29,119.1564,1,2,6
27,119.1903,8,9,3,1,2,6
20,119.2128,3,2
36,119.2464,9,3,2,6
28,119.3311,8,9,1,5
33,119.3878,5,6
33,119.39,9,1,5
29,119.4,8,9,6
28,119.4167,8,3,6
27,119.4333,8,9,1,2,5
26,119.5003,8,9,1,2,5,6
31,119.5567,1,5,6
27,119.5956,6
28,119.6003,8,3,1,5,6
37,119.6303,5,6
36,119.6358,5
29,119.6761,8,9,1,2,5,6
32,119.7853,9,3,1,2,5,6
27,119.8508,2,6
31,119.8831,6
32,119.8975,6
33,119.9264,6
21,119.9469,9,3,1,2,5,6
32,119.9628,2,6
19,119.9664,9,3,1,2
33,119.9736,2,5,6
34,119.9928,5,6,10
7,120.1461,9,3,4
30,120.1483,5,6
6,120.1517,9,3
30,120.1572,1,4,6
5,120.1786,9,3
4,120.1872,9,3
43,120.1981,6
28,120.2,8,9,6,10
27,120.2319,8,3,6
12,120.2603,3,1,10
34,120.3267,2,6,10
41,120.3606,6
28,120.4294,8,3,1,2,5,6
28,120.4372,5
7,120.4436,3
29,120.4692,8,2,5
31,120.4872,5
31,120.4897,2,5
5,120.5019,3
28,120.5086,8,5
4,120.5103,3
31,120.5728,2,4
27,120.5781,8,1,2,4
2,120.6253,3,4
27,120.6392,8,2,4,5
29,120.6597,5
28,120.6819,5
14,120.6878,4,5
33,120.6994,2,4,5
12,120.7378,4,5
0,120.7586,3,4
9,120.8044,4
8,120.8211,4
27,120.8617,8,1,2,4,6
38,120.9492,6
37,120.9853,6
31,120.9989,1,6
30,121.0072,1,2,5,6
32,121.0208,5
33,121.0375,5
34,121.0542,5,6
35,121.0653,5
36,121.0764,5
37,121.0986,5,6
38,121.1153,5,6
39,121.1417,5
38,121.1656,5
16,121.1722,10
39,121.1767,5
13,121.2222,10
6,121.2269,4,10
12,121.2392,10
40,121.2544,5
5,121.2644,4
6,121.2728,4
23,121.2744,1,2,4,10
12,121.3058,10
35,121.3278,2,5
24,121.3442,1,2,10
25,121.3719,1,2,5,10
15,121.4219,10
37,121.4328,2,5,10
18,121.4719,10
5,121.4753,9,1,10
35,121.5119,8,5,10
37,121.5458,5
36,121.5514,5
9,121.5697,9
40,121.5775,8
13,121.6225,9,1
44,121.6569,8
17,121.7147,9,1,2
47,121.735,8
15,121.7489,9
36,121.7736,5
48,121.7794,8,5
25,121.8136,1,2
26,121.8303,1,2
13,121.8525,9,1
29,121.8803,1
30,121.8969,1,2
36,121.9481,2
48,121.9547,8,1,2,5
35,121.9625,2,5
13,121.9919,9,1
46,122.0075,8,1,2
7,122.0114,4
37,122.0517,2
13,122.0531,9,1
37,122.1636,2
44,122.3519,8,1,2
30,122.4447,1
16,122.4708,9,1,2,4
7,122.5867,4
6,122.6158,4
5,122.6575,4
34,122.6931,6
6,122.6992,4
32,122.7608,6
31,122.7928,6
45,122.7939,8,1,2,6
30,122.8561,6
29,122.9111,6
30,122.9328,6
31,122.9581,6
32,122.9797,6
33,122.9942,6
6,122.9992,4
34,123.0158,6
35,123.0772,6
36,123.1061,6
5,123.1117,4
37,123.1569,6
6,123.1619,4
27,123.1864,1,4
34,123.3289,8,9,1,6
35,123.3503,8,9,1,6
34,123.375,8,9,1,6
33,123.4642,8,9,1,6
23,123.5086,1,6
34,123.5572,6
33,123.5644,6
34,123.5972,6
33,123.6261,6
19,123.6636,9,1,6
21,123.6981,1,4,6
34,123.7994,6
35,123.8356,6
32,123.8558,8,9,1,6
34,123.8975,8,9,1
24,123.9731,1
36,124.1161,8,9,1,6
3,124.1256,3,4
35,124.1844,8,9,1,6
5,124.2078,4
36,124.2103,9,1
6,124.2172,3
34,124.2406,8,9,1
22,124.2911,1,4
26,124.3419,8,9,3,1
8,124.4172,3
32,124.5881,9
25,124.6003,8,9,3
26,124.6308,8,9,3
16,124.6903,3,1
37,124.8656,6
33,124.8681,9,3,1,6
39,124.9892,6
29,125.0564,9,3,1,6
37,125.1806,6
22,125.2058,3,1,6
29,125.2472,1,6
27,125.2922,8,9,3,1
27,125.4344,9,3,1,6
26,125.4456,9,3,1
31,125.5683,1,6
20,125.6342,9,3,1,7
26,125.8875,7
31,125.8939,1,5,7
26,125.8983,8,9,3,1,7
25,126.01,7
24,126.0561,7
29,126.0661,1,5,7,10
25,126.2831,1,2,10
27,126.3094,8,9,3,1,2
36,126.3625,2
23,126.6178,1,2,10
28,126.6372,8,9,1,2
37,126.6731,2,10
30,126.6928,8,9,2,7,10
35,126.8272,2,7,10
26,126.8539,8,9,2
31,126.8722,2
25,126.8733,8,9,2,7
24,127.0181,8,9,2,7
22,127.0969,7
23,127.1514,8,9,2,7
33,127.1939,2,7
23,127.2608,9,2,4,7
24,127.2653,8,9
25,127.3042,8,9,1,7
26,127.3331,9,1,2,4,7
24,127.3794,7
7,127.4078,4,7
8,127.4578,4
9,127.4744,4
30,127.4836,2,4
10,127.5411,4
11,127.5744,4
26,127.6128,8,9,1,2,4,5
32,127.6606,2,10
24,127.6628,8,9,3,1,2
37,127.6683,9
25,127.6794,8,9
26,127.7572,8,9,1,2,4,5,10
9,127.7828,4
35,127.7986,5
8,127.8078,4
35,127.8558,2
24,127.8656,8,9,2,4
24,127.9239,8,9,2,4,5,7,10
18,127.9594,10
35,127.9875,5,7,10
23,128.0044,8,9,3,2,5,10
32,128.0875,5,10
22,128.1075,8,9,1,2,5,10
36,128.1672,2,5,10
20,128.1853,8,9,1,2,7,10
23,128.3239,7,10
22,128.3572,7,10
23,128.3628,7
34,128.4058,2,7
8,128.4244,4
16,128.4933,8,9,1,2,4,5
30,128.5378,5,10
36,128.5703,2,5,7,10
25,128.6514,1,2,5,10
17,128.6744,8,9,1,2,5,7
18,128.6994,8,9,2,5,7,10
24,128.7686,7,10
35,128.7875,2,5,7,10
32,128.8267,5
22,128.8606,8,9,2,5
35,128.9092,9
21,128.9469,8,9,5,10
24,129.0886,8,9,1,4,5,7
7,129.5539,4,7
27,129.6081,8,9,3,1,4
8,129.6181,4
35,129.8386,9,3
28,129.8725,8,9,1,5
7,130.0472,4
33,130.1044,5
32,130.3078,8,3,1,5
8,130.3972,4,7
31,130.4192,8,9,1,5
29,130.5,8,9,1,2,5,7
29,130.5319,1,5
36,130.5992,5
35,130.6325,9,1,5
30,130.6528,8,9
29,130.675,8,9,5
38,130.7833,9,5
28,130.8278,8,9,2,4
30,130.8758,2
26,130.8972,8,9,2,4
29,130.9156,2,5
35,130.9825,5
34,131.0047,5
33,131.0158,5
20,131.0706,8,9,3,2,4,5
19,131.1092,8,9,5
33,131.1547,5,7
16,131.2981,8,9,3,1,5,7
32,131.3372,9,1,5
15,131.5653,8,9,1,2,4,5
27,131.6039,9,3,2,5
36,131.6383,5
14,131.6764,8,9,2,4
29,131.7956,9,3,2,5
35,131.8022,2
5,131.83,4
7,131.8375,8,4
4,131.8508,4
3,131.8758,4
28,131.8817,9
4,131.9142,8,4
28,131.9206,9
0,131.955,4
3,131.9656,8,4
31,132.0639,1,2,7
24,132.0736,7
1,132.0758,4
30,132.095,1,2,7
9,132.1125,8,9,4
49,132.1197,3,5
10,132.1597,8,1,2,4,7
4,132.21,4
27,132.235,7
5,132.2447,4
48,132.2517,3,5
36,132.305,5
12,132.3208,8,2
49,132.3433,3
13,132.3722,8,9,2,4,7
26,132.4256,2,4
28,132.4544,9,2
27,132.5558,2
30,132.6156,9,3,2,5
6,132.6947,4,7
36,132.705,5,7
5,132.7197,4
31,132.73,9,3
4,132.7614,4
32,132.7856,9,3,5,7
14,132.8153,8,9
36,132.8719,5
15,132.8792,8,3,4
37,132.9144,5
38,132.9408,5,7
37,133.0131,5
5,133.0656,4
15,133.1208,8,3,4
6,133.1489,4
7,133.1864,4
35,133.2078,5
36,133.2189,5
28,133.2603,3,5,7
35,133.2633,5
7,133.2864,4
14,133.3544,8,3,4,5,7
15,133.435,8,9,2,4,7
15,133.5572,8,3,2
16,133.6656,8,9,3,2,4,7
5,133.6967,4,7
6,133.7008,4
17,133.7044,8,9,3,4
9,133.78,4,7
10,133.8133,4
21,133.8183,8,9,4
23,133.8778,8,3,2,4
12,133.8967,4
13,133.9175,4
14,133.9425,4
25,133.9525,8,9,2,4
20,134.0989,4,5
27,134.1,8,9,3,2,4
22,134.1739,4,5
26,134.1861,8,3,2,4,5
31,134.2797,5,7
24,134.2903,4,5
23,134.3236,4,7
36,134.3672,2,4,5
27,134.3858,8,9,2
28,134.4336,8,9,5
32,134.4617,9,4,5
29,134.4753,8,9,5
30,134.5228,9,4,5
28,134.5617,8,9
27,134.595,8,3,2,5
37,134.6892,2,4
25,134.7839,8,9,2,4
36,134.7964,2
26,134.8317,8,9,2,4
26,134.9189,8,9,4,5
15,134.9586,4,5
14,134.9878,4
25,134.9994,8,9,2,4,5
9,135.1319,4
35,135.1356,5
8,135.1736,4,7
24,135.2192,8,9,3,2,4
36,135.3542,2
23,135.3761,3,2,7
37,135.3858,9,3
10,135.4683,4
23,135.5361,8,9,2,4,5,7
25,135.5889,8,9,2,4
26,135.6083,8,9,4,5
14,135.6347,4
29,135.6583,8,9,4
15,135.6597,4
38,135.6719,5
37,135.7219,5,7
36,135.7831,5
14,135.8056,4
38,135.8269,9,3,5
12,135.8533,4
11,135.8656,4
38,135.9081,9,3,5
9,136.0031,4,7,10
30,136.0169,8,9,7
35,136.2233,9,3,2,7,10
29,136.2531,8,9,7,10
30,136.2586,8,9
8,136.37,4,7
7,136.4467,4
31,136.4631,9
31,136.4733,8,9
6,136.48,4
35,136.5039,5
5,136.5175,4
32,136.5261,8,9,2
33,136.5428,8,9,3,10
20,136.6064,10
19,136.6314,10
34,136.6442,8,9,2,10
35,136.7067,8,9
25,136.7603,9,2,10
34,136.8425,8,9,2,5
33,136.8781,8,9,5,10
35,136.9372,5
36,136.9706,5
34,137.0339,8,9,3,5,10
25,137.1661,3,5,10
35,137.2628,8,3,5
6,137.2928,4,10
36,137.3036,8,3,2,5
7,137.3303,4
38,137.3469,5
39,137.3747,5,10
8,137.3761,4
38,137.3969,5
9,137.4094,4,10
10,137.4303,4
39,137.4469,5
38,137.4636,5
37,137.5025,5,10
11,137.5511,4
37,137.5625,2,5
12,137.6136,4,10
34,137.6303,8,3,2,10
33,137.6664,8,9,3,5,10
35,137.7019,5
32,137.7064,8,9,2,5,10
31,137.7208,8,9
25,137.7508,9
30,137.7681,8,9,4,5
29,137.7986,8,9,5,10
21,137.8408,10
29,137.8678,9,2,4,5,10
9,137.8719,4
37,137.9139,2,5,10
10,137.9344,4,10
9,137.9594,4
34,137.9725,9,3,2
28,138.0856,8,9,2,5,10
38,138.1222,2,5
20,138.1825,8,3,2,5
17,138.2158,8,9,3
16,138.2269,8,9,4
10,138.2428,4
15,138.2658,8,9,3,4
15,138.2942,8,9
38,138.3008,2
14,138.3108,8,9
12,138.3942,8,9,4,10
37,138.4336,2
11,138.5053,8,3,4
32,138.5792,9,2
33,138.6819,9,3,2,5
32,138.7264,9,3,2,5
31,138.7542,9,3,5,6,10
36,138.7889,5
10,138.8306,8,9,10
9,138.8694,8,9,4,10
32,138.95,2,10
31,139.0878,9,2
5,139.0889,8,4
35,139.1,5,6
6,139.1333,8,3,4
30,139.2319,9
28,139.3,9,3,2,6
35,139.425,6,10
32,139.4731,2,6
37,139.5225,6
38,139.5369,6
27,139.575,9,3,2,4,6
37,139.5875,6,10
36,139.6092,6
37,139.6522,6
38,139.6644,6
10,139.68,4
36,139.7056,5,6
9,139.7133,4
35,139.7169,2,5,6,10
22,139.805,10
9,139.8175,4,10
24,139.83,10
25,139.8383,10
26,139.855,10
40,139.86,6,10
28,139.88,10
8,139.8969,4,10
31,139.9217,10
28,139.9281,9,3,2,4,5,10
33,139.9383,10
34,139.955,10
35,139.9633,10
36,139.98,10
35,139.9883,2,5,6,10
38,140.0053,10
36,140.0781,5,6,10
42,140.0886,10
43,140.1053,10
44,140.1219,10
45,140.1386,10
37,140.1669,5,6,10
6,140.1719,4
27,140.1753,9,3,2,4,5,6,10
35,140.2428,6,10
5,140.2564,4
36,140.3169,5,6,10
29,140.3269,9,3,5,6
34,140.3669,5
33,140.3836,5
22,140.395,3,5
31,140.4336,5,6,10
30,140.4381,9,3,5
30,140.4558,5,10
29,140.4725,5
28,140.4892,5,10
27,140.5058,5
3,140.5128,8,4
7,140.5275,4,5
24,140.5503,5,10
23,140.5614,5
29,140.5739,9,5,10
7,140.5864,8,4,5
20,140.6058,5,10
19,140.6169,5
9,140.6281,8,9,2,4,5
17,140.6614,5,6,10
12,140.6753,8,9,4,5
15,140.6994,5,10
14,140.7136,5,10
12,140.715,4,5
12,140.7414,5
11,140.7581,5
13,140.7608,4,5
11,140.7914,5
22,140.8197,8,9,3,2,4,5
11,140.8525,5
28,140.8906,2,5
25,140.9269,8,9,3,2,4,6,10
35,140.9889,6,10
26,141.0061,10
25,141.0144,10
24,141.0228,10
23,141.0311,10
22,141.0394,10
21,141.0478,10
20,141.0561,10
36,141.0575,6,10
35,141.0828,6,10
10,141.1125,4
9,141.1417,4
28,141.1719,8,9,3,4
8,141.1792,4
34,141.1956,6,10
7,141.2144,4
31,141.2286,9,3,2,5,6
29,141.3028,8,9,2,5,10
16,141.3247,5,10
17,141.3581,5,10
18,141.3636,5
17,141.3747,5
18,141.3858,5
30,141.3919,8,9,3,2,5,10
24,141.4028,2,4,5,10
5,141.5061,4,5,10
4,141.5478,4,5
32,141.5678,9,3,2,5
22,141.6025,5
23,141.6136,5
3,141.6228,4,5,10
24,141.6247,5
25,141.6469,5
2,141.6644,4
25,141.6692,5
1,141.7061,4,10
25,141.7469,5,10
26,141.7636,5
27,141.7803,5
28,141.7914,5,10
29,141.8081,5
30,141.8247,5,10
31,141.8358,5
32,141.8581,5
33,141.8803,5
12,141.8819,10
34,141.9025,5
35,141.9192,5
24,141.9347,2,5
25,141.9458,9,3,2
26,141.965,2,5
1,141.9853,4,10
23,142.1164,9,3,2
29,142.1183,8,9,2
2,142.1436,4,10
33,142.1514,2
23,142.1803,9,3,2,5
36,142.2056,2
1,142.2144,4
0,142.2394,4
28,142.2433,8,9,2
6,142.2656,10
27,142.2686,8,9,3,2,5,10
5,142.2739,10
4,142.2989,10
26,142.3542,3,2
23,142.3553,9,3,5
33,142.4236,5
32,142.4347,5
25,142.4414,9,3,2,5
30,142.4958,5
28,142.5547,8,9,2,5
29,142.6547,8,9,5
29,142.7186,8,9,3,2
36,142.7569,2,5
32,142.8072,5
33,142.8628,5
34,142.8961,5
35,142.9128,5
31,142.9531,9,3,2,5,6
32,142.9864,9,3,2,5
30,143.0075,8,9
29,143.0106,8,9
36,143.0531,9,2,6
1,143.0894,4,10
2,143.1144,4,10
3,143.1353,4,10
7,143.1539,10
8,143.1622,10
4,143.1686,4,10
5,143.1936,4,10
6,143.2147,4
7,143.2397,4,10
12,143.2622,10
8,143.2647,4,10
14,143.2878,10
15,143.3044,10
16,143.3128,10
17,143.3211,10
18,143.3378,10
30,143.3547,8,9,2,4,10
20,143.4211,10
21,143.4294,10
11,143.4397,4,10
23,143.4544,10
24,143.4628,10
25,143.4794,10
29,143.4825,8,9,4,10
27,143.4961,10
28,143.5128,10
29,143.5214,10
30,143.5381,10
45,143.5419,9,10
32,143.5547,10
33,143.5631,10
28,143.5761,8,9,4,5,10
27,143.6064,8,9,10
40,143.6292,9,5,10
28,143.6706,8,9
29,143.6983,8,9,3,4,5,10
34,143.7214,10
33,143.7381,10
32,143.7547,10
31,143.7631,10
20,143.7747,3,4,10
30,143.7797,10
29,143.7881,10
28,143.7964,10
27,143.8047,10
6,143.8064,4,10
5,143.8272,4,10
23,143.8464,10
37,143.8572,9,3,10
21,143.8714,10
4,143.8731,4,10
36,143.8911,5,10
3,143.9022,4,10
27,143.9386,8,9,5,10
2,143.9689,4,10
36,144.0189,5,10
1,144.0272,4
0,144.1481,4
29,144.2181,8,9,3,5,10
39,144.2614,5
38,144.2669,5,6
40,144.2931,9,3,5,6
39,144.3097,9,3,6
38,144.3525,9,3,6
39,144.4,6
28,144.4014,8,9,3,6
27,144.4794,8,3,5,6
38,144.5422,6
37,144.5503,5,6
28,144.5533,8,3,5,6
28,144.6336,8,3,6
35,144.6419,6
34,144.6636,6
1,144.6647,4
2,144.6856,4
27,144.7006,8,3,5,6
3,144.7106,4
32,144.7142,6
4,144.7439,4
5,144.7647,4
6,144.7939,4
7,144.8147,4
28,144.8283,8,9,3,4,5
10,144.8856,4
11,144.9022,4
12,144.9189,4
13,144.9356,4
29,144.9478,3,4
14,144.9522,4
36,144.9714,5
37,145.0103,5
36,145.0214,5
15,145.0356,4
40,145.0458,9,3,5
37,145.1436,5
29,145.1703,8,9,4,5
30,145.1842,8,9
31,145.1981,8,9,4
32,145.2175,8,3
37,145.3036,8,3,4,5
39,145.3397,8,9,3,5
16,145.4272,4
15,145.4522,4
28,145.4656,3,4
38,145.4775,8,9,3
14,145.4814,4
13,145.5064,4
36,145.5081,8,3
12,145.5356,4
11,145.5564,4
10,145.5814,4
9,145.6106,4
8,145.6481,4
34,145.6858,8,9,5,6
36,145.8425,5,6
39,146.1625,9,3,5,6
7,146.2275,4
35,146.245,6
8,146.2567,4
7,146.2858,4
41,146.3092,9,3,6
40,146.3367,9,3,6
6,146.4775,4
33,146.5292,8,9,3,6
33,146.5478,6
34,146.5661,6
5,146.61,4
31,146.6461,8,3
6,146.6581,4
27,146.7314,8,9,3,4
41,146.7958,9
8,146.8039,4
9,146.8372,4
10,146.8581,4
10,146.9581,4
11,146.9872,4
31,147.0203,9,3,4
9,147.1164,4
8,147.1456,4
7,147.1789,4
25,147.2217,3,4
28,147.2256,8,9,3
25,147.3672,8,9,3,4
26,147.5328,8,9,3,4
8,147.5539,4
31,147.7033,9,3
7,147.7289,4
28,147.9086,9,3
28,147.99,3
6,148.1833,4
5,148.225,4
4,148.2956,4
27,148.3994,9,3
29,148.5481,3
26,148.705,9,3
25,148.7217,9,3
21,148.7906,9,3
20,148.8136,9,3
40,148.9147,3
8,149.0878,1
25,149.2661,8,9,3,1
26,149.2828,8,3
1,149.3064,1
32,149.4239,3
4,149.4258,1
34,149.5869,5
37,149.7306,2,5
8,149.7442,1
27,149.8039,8,3,1,2
37,149.8136,2
12,149.8719,1
37,149.9111,2,10
12,149.9831,1,10
36,149.9978,2
13,150.0081,1
18,150.1053,1,2,10
31,150.1181,8,9,3,1
21,150.1622,1,2,4,10
7,150.2167,4
22,150.3122,1,2,4
31,150.37,2,7
21,150.3817,1,2
29,150.4131,2,7
17,150.4411,9,3,1,2,5
26,150.4875,2,5
16,150.5106,9,3,2,10
32,150.5239,8,9,2,10
25,150.5381,2,4,10
31,150.5742,8,9,2,5,10
15,150.5858,10
14,150.6025,10
30,150.6092,8,9,1,2,4,5,10
12,150.6275,10
31,150.6311,5,10
10,150.6442,10
9,150.6608,10
9,150.6872,4,10
28,150.69,2,4,5,10
7,150.7361,10
6,150.7444,10
5,150.7611,10
33,150.7639,5
4,150.7778,10
34,150.7972,5
35,150.8139,5
18,150.8331,9,3,1,2,4,5,10
9,150.8417,4
10,150.85,4,10
37,150.8583,5
6,150.8864,10
9,150.8875,4,10
10,150.9,4,10
8,150.9114,10
9,150.9281,10
10,150.9697,10
35,150.9806,5,7
31,150.9883,2,5
36,150.9917,5
11,150.9947,10
12,151.0197,10
35,151.0417,5
13,151.0531,10
34,151.0694,5,10
8,151.1292,4,10
18,151.1344,9,3,2,4,5
23,151.1922,3,2,5,10
19,151.2208,9,3,5
20,151.2478,9,3,2,5,7
27,151.2806,5,10
20,151.3089,3,2,4,5,10
26,151.3306,5,10
4,151.3481,4
19,151.3533,9,3,1,2,4,5,7
2,151.4106,4,10
24,151.4144,7
1,151.4314,4,10
20,151.4483,1,2,4
0,151.4522,4
1,151.5647,4,10
2,151.5856,4
36,151.5914,2,10
29,151.6042,8,9,1,2,10
3,151.6106,4
30,151.6125,8,9,10
31,151.6736,8,9,2,7,10
20,151.7789,10
14,151.7914,9,1,4,5,7,10
5,151.8089,4
32,151.8183,8,9,1,2,7
6,151.9214,4,10
31,151.9353,8,9,2,7
5,151.9839,4,5,7
32,152.0853,8,9,3,2,10
31,152.1494,8,3,2,7,10
6,152.1883,4,7
30,152.1967,8,3,1,2,7
29,152.2633,8,9,2,7,10
29,152.2911,2,10
21,152.3542,10
7,152.3756,4,7,10
30,152.4475,8,3,1,2,7,10
20,152.5128,10
24,152.515,7,10
8,152.5214,4,7
29,152.5314,8,9,3,2,7
7,152.5381,4,10
8,152.5589,4
9,152.7047,4,5,10
30,152.7353,2,4,5
24,152.7592,8,9,3,1,2,4
13,152.8089,4
20,152.8231,3,2,4,5,7
25,152.8258,8,9,3,1,2,4
34,152.8692,2,4
17,152.8964,4,10
18,152.9297,4,5,7,10
14,152.9547,10
19,152.9631,4,10
24,153.0939,4,7
23,153.0969,8,9,3,1,2,4,5,10
35,153.1183,2,4,7,10
13,153.1972,3,1,4,5,7,10
16,153.2597,9,3,1,10
24,153.2667,8,9,4,5
23,153.3058,8,9,3,1,4,5,7
35,153.3508,5
29,153.3653,1,5
30,153.3847,1,2,4,5,7
23,153.4147,7,10
38,153.4175,5,7
39,153.4397,5,7
21,153.4419,8,9,1,5,10
40,153.4731,5
41,153.4842,5,7
42,153.5008,5
19,153.505,8,9,3,1
44,153.5286,5,7
45,153.5453,5,7
19,153.5803,10
48,153.6008,5
32,153.6186,1,2,4,5
49,153.6286,5
21,153.8275,8,9,3,1,2,4
30,153.8475,1
14,153.9136,9,1,4,7,10
30,153.95,1,4
19,154.0481,4,10
22,154.0586,8,9,1,4
23,154.0781,8,9,1
24,154.1006,8,9,1,4,10
25,154.1617,8,9,1,10
26,154.1894,8,9,4,10
28,154.2228,8,9,1,10
28,154.2478,10
29,154.2644,10
30,154.2728,10
31,154.2767,1,4,10
32,154.2978,10
33,154.3061,10
25,154.3092,9,1,10
29,154.3561,8,9,1,4,5,10
44,154.4789,5
43,154.4956,5
42,154.5178,5
41,154.5289,5
30,154.5425,8,9,1,5
39,154.5622,5
32,154.5897,8,9,3,1,4,5
37,154.64,5
14,154.6442,4,5
33,154.6931,5,10
31,154.7483,10
29,155.0197,8,9,3,1,4,5,10
27,155.0669,8,9,5,7,10
31,155.0744,9,3
26,155.1058,8,9
27,155.1197,8,9
35,155.1514,9,5,7
36,155.2511,9,3,5,7
28,155.2947,8,9,1,7,10
29,155.3281,8,9,1,10
25,155.3922,10
30,155.4006,8,3,10
29,155.4339,8,3,7,10
24,155.4756,10
23,155.4839,10
24,155.5089,10
22,155.5447,3,1,2,4,7,10
30,155.5536,8,3
17,155.6031,3,4,10
31,155.6175,8,9,3,2,4,10
20,155.6425,10
32,155.6547,2,5,10
18,155.6675,10
9,155.7019,4,10
10,155.7197,3,2,4,10
34,155.7481,8,3,5
8,155.7697,3,2,7
27,155.8428,2,4,7
11,155.9064,4,7
12,155.9231,4
13,155.9481,4,7
17,156.0419,4
18,156.0561,4
19,156.0936,4,10
20,156.1061,4
35,156.1303,8,9,2,4
13,156.1617,2,7
34,156.2192,8,9,1,2,4,7
37,156.3242,9,4,7
12,156.3353,2
35,156.3572,8,9
33,156.395,9
34,156.4044,8,9
33,156.5411,8,9,2,4,5
16,156.6436,2
31,156.6467,8,9,2
18,156.6833,2
34,156.7133,8,9,2,4
35,156.78,8,9,2
34,156.85,8,9,2,4,5,7
26,156.9044,9,2,4
33,157.2764,8,9,2,4,5,7
9,157.2792,4
8,157.2833,4
7,157.3,4
36,157.3264,5,7
6,157.3292,4
34,157.3514,8,9,1,2,7
24,157.4358,1,2,5,7
24,157.4403,7
3,157.4906,3,4
21,157.5083,9,3,1
20,157.5169,9,3,2,5
6,157.5489,3,1,4,7
34,157.6142,2,7
21,157.6353,9,3,1,2
11,157.6489,3,7
33,157.6556,8,9
23,157.6903,9,3,2,5,7
24,157.7042,9,3,1,4
25,157.7319,9,3,4,5
26,157.7569,9,3,2,4,5
11,157.7958,4
12,157.8167,4
25,157.8458,9,3,1,2,4,5
15,157.8833,4,5,7
25,157.8847,9,3,4,5
17,157.925,4,5
18,157.9458,4,5
31,158.0933,8,9,2,4,5,7
37,158.1169,2,4,5,7
30,158.1322,8,9,2,5
20,158.1767,9,4,5
29,158.1989,8,9,2,4,5
18,158.2394,9,5
28,158.2517,8,9,3,1,2,5
21,158.3044,5
20,158.3156,5
19,158.3325,5
18,158.3436,5
17,158.3658,5
16,158.3769,5
24,158.3908,8,9,3,1,2,4,5,7
21,158.4842,9,3,1,4,5
25,158.5269,8,9,2,4,5,7
26,158.5614,9,1,4
27,158.5908,9,3,1,2,4,5
19,158.6603,5,7
20,158.6658,5
21,158.6881,5,7
22,158.7103,5
23,158.7381,5
18,158.7722,4,5
26,158.7856,8,9,1,2,4,7
27,158.8375,1,5
27,158.8467,8,9,3,1,4,5
27,158.8881,5,7
28,158.8936,5
27,158.92,9,3,4,5,7
28,158.9436,5
28,158.9994,8,9,1,4,5
24,159.0253,9,1
29,159.0383,8,9,5
30,159.0578,8,3,1,4,5
26,159.105,1,4
15,159.1619,4
16,159.1869,4
15,159.2203,4
31,159.2272,8,9,3,1,4
17,159.2953,4
24,159.3192,3,4,7
30,159.3219,8,9,3
29,159.3497,8,9,3
28,159.5025,8,9,3,1,2,4
27,159.5331,8,9,4
23,159.5533,9
26,159.6025,8,9,3,1,4
27,159.6222,8,9,3
28,159.6639,8,9,4
15,159.6911,4,5
27,159.7056,8,9,1,4
26,159.75,8,9,1,4,5
14,159.8356,4
13,159.8606,4,5
12,159.8897,4,5
25,159.9028,8,9,3,1,4,5
8,160.1378,4
24,160.1419,8,9,4,5,10
24,160.2311,8,9,2,7,10
35,160.2547,2,10
23,160.3339,8,9,1,2,4
6,160.3669,4
28,160.4308,9,3,1
24,160.4394,8,9,4
5,160.4542,4
26,160.4811,8,9,2,4,5,10
21,160.5519,10
29,160.5867,9,2,5,10
21,160.6353,10
20,160.6519,10
19,160.6853,10
36,160.7314,5,7,10
21,160.7603,10
28,160.7922,9,3,1,2,5,10
27,160.8272,10
28,160.8356,10
29,160.8522,10
30,160.8606,10
22,160.8631,1,10
27,160.8867,9,3,1,10
25,160.8881,8,9
24,160.9381,8,9,5,10
25,160.9575,8,9,7
24,160.9908,8,9,1,2,4,7,10
26,161.0514,7
25,161.0681,7,10
25,161.1103,8,3,1,2,4,7,10
8,161.1628,4
9,161.1711,4,10
25,161.2025,10
38,161.2047,2,10
26,161.2158,8,9,3,1,2,4
11,161.2214,4
38,161.2653,2,7,10
19,161.5444,10
13,161.5456,4,10
12,161.5497,4,7
28,161.5744,8,9,3,2,4,10
11,161.5789,4
10,161.5956,4,10
9,161.6164,4
35,161.6678,9
29,161.7272,8,9,1,7,10
26,161.8072,7,10
27,161.8183,7
28,161.8239,7
22,161.8747,1,4,7,10
22,161.8867,10
33,161.9597,9,3,1,10
9,161.9664,4
33,162.0072,7
34,162.0183,7
35,162.035,7,10
36,162.0461,7
37,162.0572,7
38,162.0683,7,10
30,162.0714,8,9,3,2,4,7
40,162.0964,7
41,162.1075,7
42,162.1186,7
22,162.1258,3,1,7
31,162.1297,8,9,3,7
30,162.1589,9,3,7,10
28,162.2444,9,3,2,4,7,10
27,162.3333,9,3,4,7,10
32,162.3478,8,9,2,7
6,162.3831,4
48,162.3853,7
25,162.3942,9,1,2,4
24,162.4497,9,3,10
34,162.6258,8,9,1,10
35,162.6675,8,9,1,2,7,10
21,162.7208,10
20,162.7458,10
36,162.8014,2,10
5,162.825,4,10
38,162.8275,8,9,3,2
39,162.8497,8,9,1
17,162.9419,3,1,4
45,163.0803,7
21,163.0953,9,3,2,4,10
44,163.1247,7
41,163.1917,7
39,163.225,7
38,163.2417,7,10
37,163.2583,7
20,163.2706,9,3,1,2,4,7
22,163.275,1,7
34,163.325,7,10
33,163.375,7,10
18,163.4622,9,3,1,4,5,7
32,163.4753,7
8,163.4875,4
38,163.4944,8,9,3
37,163.5222,8,3,5
36,163.5583,8,3,2,5
35,163.5831,5,10
35,163.5917,8,3,2,5
21,163.6925,3,2,4,7,10
34,163.7403,8,3,1,5,7,10
35,163.7931,8,9,3,1,2,7
33,163.8292,8,9,7,10
22,163.8419,9,10
32,163.8689,8,9,10
31,163.8806,8,9
26,163.9017,9,7
30,163.9111,8,9
28,163.9242,9,5
33,163.9719,5,10
29,163.9833,8,9,3,1,2,5
32,163.9886,5,10
6,163.9897,4,10
27,164.0575,2,5,7,10
30,164.0611,8,3,1,2,10
27,164.15,2,5,7,10
21,164.1586,1,2,5
31,164.1833,5,10
31,164.1864,8,9,1,5
32,164.2061,9,1,2
17,164.2253,1,5,10
30,164.2558,8,9,3,1,10
13,164.2892,1,5
29,164.3003,8,9,3,1
30,164.3058,8,3,1
31,164.3672,8,9,3,1,5,10
7,164.3981,4,10
30,164.4425,8,9,3
8,164.4856,4
31,164.5111,5
9,164.5856,4,10
31,164.5925,8,9,1
11,164.6253,1,2,4,5
9,164.6689,4
34,164.6886,9,2
30,164.69,8,9
29,164.7178,8,9,10
31,164.7414,9
28,164.7428,8,9,1,5
27,164.7778,5
28,164.7944,5
27,164.8222,5,10
14,164.8561,1,5
15,164.8783,1,2,4
20,164.9533,1,2,4,5
26,164.9983,8,9,1,5
25,165.0261,1,4,5
29,165.0822,5,10
30,165.1489,5
7,165.2108,4,10
18,165.2983,10
8,165.3067,4,10
7,165.3192,4
32,165.335,1,2
32,165.3461,9,1
25,165.3958,8,9,10
36,165.435,9,1
23,165.4439,8,9,1,2,5
27,165.4933,5
26,165.5378,5
17,165.5608,8,9,1,2,4,5
35,165.6211,2,5,10
16,165.6322,10
15,165.6489,10
14,165.6572,10
13,165.6656,10
12,165.6822,10
25,165.6881,5,10
26,165.7047,5,10
10,165.7072,10
9,165.7156,10
36,165.73,1,2,5
37,165.7494,1,2,5
7,165.7739,10
27,165.7769,5,10
6,165.7822,10
5,165.7989,10
4,165.8156,10
28,165.8214,5
13,165.8325,8,3,4,5,10
30,165.8714,5
35,165.8739,2,5
12,165.9828,8,3,2,4,10
34,165.9875,9,1,2
11,166.0553,8,4,5
34,166.0694,9,1,2,5
34,166.0917,1
10,166.1317,4
9,166.14,4
10,166.1442,4
32,166.1972,1,2,5
10,166.2014,8,4
10,166.215,4
33,166.2411,9,1,2
27,166.2819,2,5
9,166.3069,8,1,2
25,166.3686,2,4,5,6
10,166.4067,4
11,166.4361,4
36,166.4636,9,1,2,5
6,166.4736,8,1
25,166.5153,1,2,4
37,166.5544,9,1
6,166.5653,8,1,4
36,166.6075,9,1,2,6
33,166.615,6
11,166.6225,4
35,166.6381,5
10,166.6517,4
33,166.68,6
32,166.6836,6
27,166.6944,2,4,5,6
20,166.7939,1,2,6
21,166.8244,1,2,6
22,166.8411,1,2,6
23,166.8578,1,2,4,10
4,166.9144,10
28,166.9289,2,4
6,166.9558,10
7,166.9642,10
8,166.9808,10
9,166.9892,10
24,167.0025,1,2,6,10
11,167.0225,10
22,167.1864,1,2,4,10
28,167.2067,10
29,167.215,10
30,167.2317,10
30,167.2403,2,5,6,10
21,167.2467,1,2,5
31,167.2583,2,5,6,10
34,167.2736,10
35,167.2819,10
36,167.2903,10
32,167.3244,6,10
33,167.3281,6,10
34,167.3822,6,10
42,167.4069,10
35,167.4256,6,10
43,167.4319,10
4,167.4544,4
35,167.5233,6,10
35,167.5272,5,6
34,167.5414,6
5,167.5544,4
36,167.6161,5,6
6,167.6711,4
43,167.6906,10
5,167.6919,4
4,167.7294,4
42,167.7322,10
41,167.7406,10
3,167.7494,8,9,1,4
4,167.7606,8,9,1
39,167.7906,10
20,167.8136,1,4,5,10
2,167.8192,4
25,167.8306,3,1,2,6,10
13,167.8344,9,3
5,167.8439,8,9
37,167.8492,10
6,167.8606,8,3
36,167.8742,10
8,167.8856,8,3,1,4
38,167.8994,5,10
37,167.9272,5,10
34,167.9325,10
11,167.9372,8,9,3,1,4
24,167.9503,1,6,10
13,167.9578,8,9,3,1
36,167.98,2,5,6,10
30,167.9992,10
29,168.0075,10
28,168.0158,10
37,168.0217,5,6,10
36,168.0272,5
12,168.1414,3,1
28,168.1436,8,9,3,1,10
30,168.1797,8,9,3,2,6,10
31,168.2075,8,9,1,2,6,10
9,168.2164,3
32,168.2269,8
33,168.2408,8,9,1,5,10
32,168.3161,1,2,5,10
15,168.3217,9,3,1
37,168.3442,5
14,168.3494,9,3,10
19,168.3911,10
32,168.4106,8,9,2,10
19,168.4831,10
18,168.5081,10
31,168.5344,2,5,10
16,168.5497,10
15,168.5664,10
14,168.5747,10
13,168.5914,10
30,168.6061,8,9,1,2,10
11,168.6164,10
10,168.6247,10
9,168.6333,10
8,168.65,10
7,168.6667,10
30,168.7117,8,9,1,10
5,168.7333,10
16,168.7636,9,1,2,10
6,168.7833,10
29,168.8147,8,9,1,2
27,168.8508,8,9,3,1,2
4,168.9,10
3,168.9419,10
29,168.9431,2,5
17,168.9781,3,1,2,5,10
1,168.9836,10
0,169.0003,10
28,169.0425,8,9,3
20,169.1044,3,2,4,6,10
3,169.1422,10
4,169.1672,10
3,169.2006,10
2,169.2589,10
3,169.3006,10
4,169.3172,10
2,169.34,4,10
3,169.3608,4,10
32,169.3664,2
22,169.3808,9,3,2,4,6,10
5,169.415,4,10
6,169.4342,10
29,169.44,8,9,1,2,6
7,169.465,4,10
8,169.49,4,10
29,169.5036,1,2,4
11,169.625,4
27,169.6414,8,9,3,1,4,5
13,169.6708,4
36,169.6778,5
14,169.6917,4
15,169.7167,4
25,169.7653,1,2,4,5
24,169.8125,1,2,4,6
37,169.9544,6
38,169.9689,6
14,169.9708,4
39,170.0467,6
13,170.05,4
36,170.0556,5
12,170.0708,4
23,170.0767,1,2,4
10,170.1125,4
9,170.1417,4
8,170.1542,4
28,170.1792,8,3,1,2,4,6
36,170.3036,6
27,170.3708,8,3,6
35,170.4047,6
6,170.4225,4
21,170.4856,3,1,4
26,170.5264,8,9,3,1,6
3,170.5289,10
4,170.5369,10
5,170.5619,10
6,170.5786,10
7,170.5869,10
8,170.5953,10
9,170.6119,10
34,170.6247,6
10,170.6286,10
11,170.6453,10
12,170.6536,10
13,170.6619,10
14,170.6786,10
16,170.6953,10
17,170.7125,10
18,170.7208,10
19,170.7461,10
20,170.7544,10
21,170.7628,10
22,170.7711,10
23,170.7794,10
24,170.7878,10
25,170.7961,10
26,170.805,10
27,170.8133,10
28,170.8217,10
29,170.83,10
30,170.8383,10
35,170.8417,6,10
34,170.8597,6,10
33,170.88,10
34,170.8883,10
33,170.8922,6,10
36,170.9056,10
32,170.9103,6,10
38,170.9472,10
39,170.9722,10
23,170.9822,1,4,6,10
41,171.0058,10
42,171.0142,10
43,171.0308,10
31,171.0944,6,10
43,171.1225,10
32,171.1558,6,10
33,171.1772,6,10
23,171.2344,3,1,4,6,10
38,171.2478,10
37,171.2644,10
36,171.2894,10
35,171.2978,10
34,171.3144,10
35,171.3311,10
34,171.3394,10
33,171.3561,10
31,171.4367,1,6,10
7,171.5267,4,7
26,171.5881,7
25,171.5992,7
26,171.6089,7
25,171.6269,7,10
26,171.6547,7,10
29,171.6678,10
25,171.6761,7,10
26,171.7011,10
25,171.7094,10
24,171.7261,10
23,171.7428,10
22,171.7511,10
36,171.7658,6,7,10
35,171.7694,6,10
36,171.7875,6,10
37,171.8308,6,7,10
26,171.8517,7,10
38,171.8683,6,7
39,171.8786,6,7
17,171.8847,10
40,171.9003,6,7
41,171.9219,6
42,171.9581,6,7
6,171.9933,4,7
43,171.9978,6
42,172.0519,6,7
5,172.0786,4,7
43,172.0844,6
44,172.1061,6
43,172.1133,6
4,172.1494,4
41,172.1783,6,7
40,172.2383,6,7
39,172.2672,6
38,172.2853,6
37,172.3214,6,7
36,172.3467,6,7
35,172.39,6
34,172.4439,6
27,173.2433,8,9,3,1,2,4,5,6
24,173.9281,1,2,5
36,173.9419,2
23,174.0947,1,2,4
6,174.1744,4
29,174.1825,8,3,1,2
7,174.2078,4
28,174.2306,3,2,5
28,174.4006,8,9,3,2,5
27,174.4028,8,3,2
26,174.4417,8,9,3,2,5
17,174.4806,3,2,5,10
34,174.5442,5,10
18,174.5517,9,3,5
27,174.5892,8,9,3,2
19,174.6072,9,3,10
28,174.6725,8,9,3,2,10
38,174.6847,2
7,174.6889,3
29,174.7211,8,9,2
3,174.7472,3,4
9,174.7803,4
10,174.7969,4
37,174.8111,2,5
20,174.8286,9,3,2,4,7
35,174.8506,2
0,174.8725,3
23,174.88,9,2,4,5,7
9,174.9594,4,7
10,174.9719,4,10
37,174.9833,5
9,175.0094,4,10
14,175.0356,10
13,175.0439,10
12,175.0606,10
34,175.0639,2,10
10,175.0772,10
27,175.1917,8,9,2,4,5,10
13,175.2178,4,10
14,175.2386,4
26,175.2417,8,9,1,4
16,175.2803,4,10
17,175.2969,4,5
18,175.3319,4,10
19,175.3358,4
20,175.3608,4
21,175.3858,4,10
22,175.4025,4
21,175.4233,4,10
28,175.4453,8,9,1,2,4,5,10
12,175.4861,10
21,175.5069,4,5,10
14,175.5194,10
20,175.5306,4,5,10
19,175.5708,4,5,7,10
33,175.6619,2,4,5
26,175.6836,5,10
25,175.6892,5
24,175.7003,5
23,175.7089,1,2,5
22,175.7281,5,7
21,175.7392,5
20,175.7503,5
32,175.7581,8,9,1,2,4,5
18,175.7667,5
16,175.7836,5
15,175.7947,5,10
14,175.8003,5
13,175.8114,5
30,175.8264,2,4,5
11,175.8503,5,7
10,175.8614,5
9,175.8725,5,10
8,175.8892,5
7,175.9003,5
28,175.9175,9,1,2,4,5,10
31,175.9219,8,9,2,7
30,176.0033,2,4,7
0,176.0428,5,10
24,176.1344,7,10
25,176.1456,7
30,176.1825,8,9,1,2,4,7,10
19,176.2569,1,4,10
20,176.3431,1,2,4,7
21,176.3653,1,2,4
31,176.3853,9,1
23,176.4431,1,2,4
31,176.4633,8,9,1
34,176.4881,9,7
30,176.53,8,9,1,4,7,10
10,176.6778,4,10
29,176.7014,8,9,1,4
28,176.7489,8,9,2,4
8,176.8611,4,10
39,176.8981,9,1,2,10
29,177.0989,8,9,1,2,7,10
18,177.1461,10
30,177.2158,8,9,2,7,10
7,177.2572,4,7
6,177.2906,4,10
29,177.3047,8,9,1,2
5,177.3136,4
4,177.3422,4,10
3,177.3589,4,10
2,177.4047,4
1,177.4256,4
0,177.4464,4,10
26,177.5164,1,10
1,177.5589,4,10
28,177.565,8,9,1
1,177.6811,3,4,10
3,177.6881,4
25,177.7039,8,9
3,177.7311,3
24,177.7594,8,3
23,177.79,8,3,4
8,177.8144,3
22,177.8372,8,3
21,177.8706,8,3,4
20,177.8983,8,3
19,177.9233,8,9,3,1,4
18,177.9817,8,9,3,1
17,178.0233,8,9,3
37,178.025,9
16,178.0539,8,9,3,4,10
34,178.0883,9,10
19,178.4039,8,9,1
34,178.4278,9,1,7,10
23,178.4458,1,10
20,178.5014,8,9,1
21,178.5417,8,3,5
22,178.5597,8,9,5,7
3,178.5939,5,10
4,178.605,5
6,178.6439,5,7
7,178.6494,5
25,178.6506,8,9,5
9,178.6772,5
10,178.6883,5
27,178.6978,8,9,5,7
12,178.7217,5,7
13,178.7328,5
14,178.755,5,7
31,178.7561,8,9,5
33,178.8033,8,9,1,10
16,178.8147,10
15,178.8314,10
21,178.8353,1,4,5,10
14,178.8397,10
13,178.8481,10
12,178.8647,10
11,178.8814,10
35,178.8906,8,9,1
9,178.9064,10
33,178.9197,9,1
10,178.9383,4,7,10
6,178.9567,10
36,178.9658,8,9
9,178.98,4,10
35,179.0383,8,9
3,179.0483,10
4,179.0819,10
34,179.0883,8,9,1
10,179.1425,4
9,179.1467,4
10,179.155,4
31,179.1733,8,9
29,179.2167,8,9,4
27,179.2597,8,9,7
21,179.35,8,9,1,2,4
6,179.4519,4,7
5,179.4636,4,5
4,179.4803,4
3,179.4928,4
37,179.5494,9,1,2
1,179.5678,4
13,179.5822,8,1,4
0,179.5925,4
37,179.6022,9,1,2
12,179.6753,8,1,5
14,179.7364,5
13,179.7864,5
36,179.7961,2
28,179.8425,1,2,5
16,179.9089,5
37,179.9194,9,1,2,5
36,180.0381,2,5
14,180.1747,8,9,1
34,180.1969,9
15,180.2025,8,9,1,5
36,180.3228,2,5
17,180.7333,8,9,1,2,5,10
4,180.8281,10
36,180.8331,2,5
6,180.8617,10
8,180.8867,10
9,180.9117,10
10,180.92,10
11,180.9283,10
17,180.9311,8,9,2,10
13,180.9533,10
14,180.9617,10
31,180.9758,2,10
16,180.9867,10
17,180.995,10
18,181.0117,10
19,181.0367,10
20,181.045,10
25,181.0506,8,3,2,10
22,181.0617,10
23,181.07,10
26,181.0783,8,9,10
25,181.0811,8,9,2,10
27,181.1042,10
28,181.1125,10
30,181.1292,10
31,181.1464,10
32,181.1547,10
33,181.1631,10
34,181.1714,10
35,181.1886,10
36,181.1969,10
26,181.2506,8,9,2,10
31,181.285,2,5,10
39,181.2889,10
1,181.2986,4
40,181.3056,10
2,181.3194,4
25,181.3228,8,9,2,10
42,181.3306,10
3,181.3403,4
43,181.3722,10
4,181.3778,4
44,181.3806,10
5,181.3906,4
33,181.4128,2
7,181.4322,4
26,181.4661,8,9,1,2,4,10
23,181.5769,1,5,10
30,181.58,8,9,1
9,181.5883,4
10,181.5942,4
32,181.6442,8,9,2,10
33,181.7333,8,9,2,5
32,181.7492,5,10
41,181.7644,10
11,181.7817,4,5
40,181.7894,10
12,181.8067,4
13,181.8233,4
34,181.8317,8,9,1,10
15,181.8589,9,1,4
37,181.8728,10
16,181.89,4,5,10
17,181.915,4,5,10
18,181.9358,4,7
35,181.9519,8,9,1,2,4,7,10
32,181.9811,10
37,182.0983,2,4,10
22,182.1231,10
34,182.1275,8,9,3,1,2,4,7,10
20,182.1481,10
33,182.1494,8,9,1,2,5,7,10
18,182.2481,10
17,182.2731,10
16,182.3064,10
17,182.3231,10
20,182.3244,1,2,5,7,10
29,182.3539,8,9,1,2,4
38,182.4092,2,4,5
19,182.4306,9,1,2,4,5
27,182.4469,5,7
38,182.4489,2,5
20,182.4722,9,3,1,2,4,5,10
24,182.5025,5,7
24,182.5356,9,3,4,5
26,182.5661,9,3,1,5,7
29,182.6239,9,3,1,2,4,5,10
36,182.6725,2,4,5
29,182.6972,5,10
28,182.7472,5
24,182.7558,4,5
13,182.7669,1,4,7
31,182.7683,9,3,1
11,182.8142,1,4
28,182.8419,8,9,3,1
27,182.8725,8,3,2,5,7
22,182.9081,7,10
27,182.9139,5,7
26,182.9306,5
37,182.9853,2,5,7
26,183.0031,8,9,2,4,5
20,183.2475,4,5,7,10
30,183.27,8,9,2,4,10
17,183.3158,10
16,183.3242,10
17,183.3658,10
16,183.3742,10
36,183.3769,2,4,10
29,183.3842,8,3,2,4
16,183.4353,4,5
15,183.4561,4
28,183.4678,8,9,3,1,4,10
13,183.5019,4
25,183.5261,8,9,1,4,5
11,183.5478,4,5,10
35,183.5631,9
26,183.5956,8,9,3,1,4,5
34,183.6083,5
8,183.6519,4,10
25,183.665,8,9,1,4,10
26,183.7656,8,9,1,4,5,7,10
5,183.7936,4
34,183.8139,5
4,183.8186,4
3,183.8353,4,10
2,183.8811,4
1,183.8978,4
0,183.9228,4
25,183.9294,8,3,1,4,10
26,183.9656,8,9,3,1,2,10
2,184.0436,4,10
13,184.1128,1,4
3,184.1311,4
36,184.16,9,1
25,184.1767,8,9,1
20,184.2933,1,10
25,184.3686,8,9,1,4,5,10
22,184.3983,10
24,184.4017,1,2,10
29,184.4658,8,9,3,1,5
30,184.4797,8,9,1,5,10
35,184.5294,5,10
24,184.5378,1,2,4,5,10
27,184.5733,10
36,184.5906,5,10
7,184.6061,4
31,184.6203,9,1
31,184.6547,8,9,5,10
33,184.6683,5
28,184.6722,9,1,5
32,184.7103,8,9,2,5,10
22,184.7719,9,2,5,10
29,184.8683,5
28,184.8794,5
27,184.9072,5
28,184.9183,5
27,184.9794,5
31,185.0111,2,5,10
6,185.0269,4
31,185.0547,8,9,3,1,2,5
30,185.0683,5
22,185.0753,9,3,4,5,10
32,185.1183,5,10
30,185.1408,8,9,1,5,10
28,185.1628,9,5
35,185.2406,5
29,185.3825,8,9,1,2,5,6
32,185.4367,2
27,185.4661,8,9,3,1,2
25,185.5031,9,1,2,4,5
28,185.505,8,9
27,185.5356,8,9,3,1,10
31,185.6169,10
30,185.675,10
29,185.6917,10
24,185.6931,3,1,2,4,5,10
26,185.7278,9,3,5
25,185.7361,9,3,1,10
28,185.7717,8,9,1,2,10
27,185.8092,2,5,10
30,185.8136,8,9,3,1,2,5,10
7,185.9356,4,10
8,185.9856,4
34,186.0558,5
24,186.1103,9,3,1,2,4,5,10
19,186.1586,10
28,186.2822,2,4,5,10
30,186.3003,5
9,186.3211,4,5
10,186.3253,4
9,186.3672,4,5,10
23,186.4361,1,2,4,5
26,186.4375,9,3,1,4,10
29,186.5378,8,9,3,5,10
22,186.5608,3,5
28,186.5628,8,3
27,186.6128,8,9,4,5
28,186.6989,8,9,3,2,4,5,6,10
26,186.7672,5,6,10
27,186.8294,8,9,3,1,2,5,6,10
26,186.8561,5
25,186.8617,5
26,186.8672,5
25,186.8728,5
26,186.9006,5
25,186.9228,5
18,186.9275,3,4,5,10
25,186.9728,5
8,186.9767,4,5
34,187.0969,6
25,187.1006,5,6,10
31,187.1064,9,3,1,5
25,187.1283,1,5
26,187.1739,8,9,1,5
26,187.195,1,2,5,6
30,187.245,5
25,187.2503,8,9,1,5
26,187.2808,8,9,3,6
27,187.3192,9,3,1,6,10
25,187.3722,8,9,3,2,4,5,6,10
32,187.4192,5,10
18,187.4353,10
31,187.4464,5,6,10
9,187.4731,3,2,10
15,187.5103,10
14,187.5186,10
13,187.5269,10
12,187.5353,10
11,187.5436,10
10,187.5519,10
32,187.5594,6,10
31,187.5775,6
33,187.5853,5,6
24,187.5922,8,9,3,2,5,6,10
8,187.6353,10
7,187.6436,10
30,187.6497,6
6,187.6519,10
5,187.6686,10
4,187.6853,10
31,187.7297,5,6
25,187.7389,8,9,1,5
26,187.7544,8,9,4,5
30,187.8236,8,9,5
31,187.8875,8,9,2,5
10,187.8981,3,2
32,187.9042,8,1
33,187.9458,8,9,5
11,187.9564,3
32,188.09,6
32,188.1247,5,6
36,188.13,9,3,2,5,6
38,188.1828,9,3,2,5,6
39,188.1861,9,3,1
24,188.2439,1,4,6
40,188.2522,9,3,1,2,5
8,188.2575,4
42,188.2931,9,3,1,2
32,188.2947,8,9,1
21,188.3217,1
44,188.3286,9,3
20,188.3467,1,2,4,5,6
32,188.4025,5,6
33,188.4081,5
34,188.4581,5,6
7,188.5492,4
20,188.5525,1,2,4
8,188.6075,4,10
4,188.6472,10
47,188.6506,9,3,2,6
23,188.7153,1,4
8,188.7325,4
9,188.7492,4
42,188.755,9,3,1,2,6
5,188.7722,10
6,188.7972,10
7,188.8056,10
29,188.8067,2,4,6
8,188.8222,10
9,188.8306,10
35,188.8731,6
10,188.8806,10
11,188.8889,10
39,188.89,9,3,1,2,5,6
13,188.9056,10
14,188.9222,10
15,188.9306,10
32,188.9372,2,5,10
17,188.9556,10
30,188.9581,5,10
29,188.9747,5
27,188.9803,3,1,2,4,5,10
27,188.9969,5,10
38,189.005,9,3,1,5
25,189.0247,5
24,189.0414,5
26,189.0689,1,5
37,189.1114,9,3,1,5
24,189.1553,3,5,6,10
36,189.1925,9,3,5,6,10
31,189.2247,8,9,3,2,5,10
30,189.2358,5
31,189.2386,8,3,1,2,5,6
31,189.2489,5,6
8,189.2533,4
29,189.2733,2,5,6
7,189.2783,4
30,189.2831,8,9,3,1,2
29,189.3136,8,3,1,5,6
6,189.32,4
34,189.3344,5
5,189.3617,4,10
31,189.3764,1
23,189.3994,3,1,2,5,10
47,189.45,6
19,189.4731,10
48,189.4794,6
49,189.5047,6
26,189.5769,2,5
29,189.5789,1,2
28,189.6203,8,3,1,5
35,189.6736,5
26,189.6981,8,9,3,1,4,5,10
36,189.7403,5,6
7,189.7453,4
30,189.8044,1,2,5,6,10
45,189.8239,6
26,189.8297,3,1,5,6
26,189.8811,1,4,5,6
27,189.9067,8,9,3,1
26,189.9483,8,3,1,2,4,5,6
35,190.0347,5,6
9,190.0619,4,10
35,190.0847,5
22,190.1144,1,2,4,5,10
26,190.1847,8,9,1,5,6,10
22,190.2303,10
43,190.2628,6,10
27,190.2736,8,9,3,5,6,10
19,190.3472,10
39,190.3519,9,3,1,5,10
28,190.3558,8,9,2,6,10
42,190.3878,9,1,2,6
10,190.3928,4
9,190.4011,4
10,190.4053,4
33,190.4067,2
24,190.4292,1,2,6,10
27,190.4697,8,9,1,2,4
28,190.4931,1,6,10
28,190.5061,8,9,1,2,10
29,190.5311,8,9,3,1,5,6,10
14,190.5475,10
39,190.5594,6
13,190.5725,10
14,190.5808,10
15,190.6311,10
38,190.6633,6
16,190.6644,10
18,190.7311,10
37,190.7358,6,10
27,190.7475,3,2,4,5,6
43,190.7542,9,3,6
9,190.7722,4,10
42,190.7764,9,3
28,190.7786,8,9,10
27,190.8117,8,9,4,6,10
39,190.8292,9,10
28,190.8425,8,9,3,10
16,190.8519,10
37,190.8831,9,10
27,190.8897,8,9,1,2,4,6,10
22,190.9411,10
34,190.9722,6,10
30,190.9861,1,2,6
25,191.0147,8,3,1,2,4,5,6,10
40,191.0631,6,10
41,191.0983,6,10
38,191.1133,2,5,6
24,191.1228,3,2,6
38,191.1458,2,6
26,191.1675,8,3,2,10
36,191.1878,2,6
7,191.1889,4
39,191.2294,6
38,191.2547,6,10
37,191.2764,6
29,191.2925,8,3,1,2,6
35,191.3558,6,10
31,191.3669,1,2,6,10
28,191.4175,8,9,3,1,10
27,191.4397,8,3,1,2,4,6,10
19,191.4661,10
20,191.4828,10
21,191.4994,10
30,191.5708,1,2,5,10
7,191.6097,4
8,191.6264,4
36,191.6325,2
28,191.7094,8,9,3,1,2,5
29,191.7289,8,3,1,2,5
34,191.7514,5
33,191.7625,5
7,191.7639,4
37,191.7878,2,5
8,191.7889,4
31,191.7958,5
30,191.8069,5
29,191.8181,5
28,191.8292,5
7,191.8472,4,5
33,191.8653,1,2
8,191.8931,4
7,191.9097,4
32,191.9375,1,2,5
29,192.0042,1,2,5,10
28,192.1278,8,3,1,2,5,10
29,192.1528,8,3,1,5,10
34,192.1572,5
8,192.2061,4
35,192.2072,5
7,192.2472,4,10
30,192.2864,8,3,1,5,10
23,192.3411,1,10
28,192.3558,8,9,3,1,5,10
16,192.3911,10
15,192.4078,10
14,192.4161,10
27,192.4253,8,9,3,5,10
32,192.4953,3,1,10
25,192.5894,1,2,10
35,192.6336,9,3,1,2,10
37,192.6903,2,10
18,192.7333,10
28,192.7447,8,9,1,2,10
25,192.8533,8,9
26,192.8894,8,9,3
29,192.9464,3,1
8,193.0056,4,10
17,193.0433,10
7,193.0514,4,10
35,193.1911,9,3,1,2,5,10
16,193.3361,10
15,193.3528,10
36,193.3586,2,5,10
14,193.3611,10
13,193.3781,10
39,193.3797,5
38,193.3908,5
8,193.4181,4,10
13,193.4533,10
14,193.4783,10
38,193.4908,5
37,193.5131,5
36,193.5197,9,3,2,5
37,193.5392,9,3,1
16,193.6033,10
17,193.6783,10
18,193.7283,10
19,193.745,10
24,193.7528,1,4,5,10
22,193.7783,10
23,193.7867,10
24,193.8119,10
25,193.8203,10
26,193.8286,10
27,193.8369,10
28,193.8453,10
29,193.8619,10
30,193.8869,10
31,193.9119,10
32,193.9203,10
33,193.9286,10
34,193.9536,10
35,193.9619,10
36,193.9703,10
37,193.9869,10
38,194.0036,10
39,194.0119,10
40,194.0369,10
41,194.0453,10
42,194.0786,10
45,194.1956,10
46,194.2039,10
45,194.2206,10
44,194.2622,10
43,194.2792,10
42,194.2958,10
41,194.3208,10
40,194.3625,10
39,194.3792,10
38,194.4208,10
37,194.4375,10
36,194.4542,10
35,194.4958,10
34,194.5542,10
33,194.5794,10
31,194.6294,10
30,194.6461,10
29,194.6628,10
7,194.6889,4,10
28,194.7044,10
27,194.7211,10
25,194.7544,10
24,194.7794,10
23,194.7961,10
22,194.8297,10
21,194.8381,10
20,194.8547,10
19,194.8631,10
18,194.9214,10
19,194.9786,10
18,194.9869,10
6,195.1681,4,10
5,195.2222,4,10
4,195.3056,4
25,197.3644,8,9,1,4
29,197.6128,1
30,197.9078,1,2,5
29,197.9161,1,2
25,197.9742,1,2,5,10
18,198.0078,10
24,198.0286,1,2,10
26,198.0567,8,9,1,2
24,198.1175,1,2,4
6,198.16,4,10
7,198.1933,4,10
34,198.2008,2
17,198.2675,9,3,1,2,10
27,198.2983,8,9,2
27,198.3278,2
30,198.3428,8,9,2
24,198.3603,2
30,198.365,8,9,2
22,198.3892,2,10
29,198.3903,8,9,2
30,198.4014,8,9,2,10
19,198.4217,2
10,198.4419,9,2
29,198.4767,8,9,2
12,198.5036,2,10
35,198.5181,5
7,198.5244,9,2
27,198.5411,3,2
5,198.5522,9,2
26,198.5744,3,2
4,198.5833,9,2
6,198.5867,2
30,198.5878,8
5,198.5975,2
31,198.6406,8,3,5,10
3,198.6625,2
35,198.6958,5,10
5,198.6975,9,3,2,4
7,198.7183,4
30,198.735,8,1,5
7,198.7389,9,2,10
33,198.8403,5,10
3,198.8661,2
31,198.935,8,9,5,10
5,199.0525,2,10
16,199.0803,10
15,199.0886,10
14,199.0969,10
13,199.1136,10
12,199.1219,10
10,199.1469,10
9,199.1553,10
29,199.2467,8,9,3,2,10
7,199.2719,10
6,199.2803,10
5,199.2886,10
10,199.2997,2,4,10
31,199.3022,8,9,1
3,199.3469,10
4,199.3889,10
5,199.4056,10
6,199.4222,10
7,199.4306,10
8,199.4389,10
15,199.4403,9,1,2,10
10,199.4928,2,10
32,199.4939,8,9,1
11,199.5139,10
12,199.5475,10
20,199.5494,9,2,10
14,199.6228,10
10,199.6289,2,10
31,199.6747,8,9
7,199.6933,4
30,199.7219,8,9,1,2,4
9,199.8392,4
10,199.8475,4
28,199.8747,8,9,3,2,4,10
27,199.8942,8,3,10
22,199.98,3,2,4
26,199.9972,8,9,3,4,10
14,200.0558,4
24,200.0611,8,9,1,2,4
16,200.1017,4
17,200.1267,4,10
18,200.1603,4,10
19,200.175,4
20,200.2167,4
16,200.2286,2,4
26,200.2492,1,2,4
19,200.2656,8,9,1,2,4
20,200.3442,2,4
17,200.3697,9,1,2,10
18,200.3878,8,9,2,4,10
21,200.3983,10
25,200.4225,2,4,10
15,200.48,9,3,1,2,5,10
17,200.4989,8,9,2,4
18,200.5267,8,9,2,5
32,200.5294,2
10,200.5578,9,4,10
19,200.5794,8,9,1,2
35,200.5981,2,10
6,200.6272,9,1,10
20,200.6578,8,9,4
21,200.6911,8,9
24,200.7744,8,9,1,2,5,10
25,200.8022,8,9,10
26,200.83,8,9,10
28,200.8828,8,9,10
29,200.9131,8,9,2
36,200.9361,2,5
12,200.9819,9,3,1,5
30,201.0975,8,9,3,1,4,10
30,201.1792,8,3,2,4,5,10
12,201.1811,4
11,201.2061,4
37,201.2267,2,5
29,201.2403,5
28,201.2569,5
27,201.2681,5,10
26,201.2958,5,10
13,201.3017,9,4,5
34,201.3042,8,9,5
35,201.3942,8,3,1,2,5,10
34,201.4161,8,9,5
21,201.4625,5
20,201.4792,5
19,201.4903,5
18,201.5014,5,10
17,201.5125,5
16,201.5236,5
12,201.8442,5
27,201.8486,9,3,1,4,5,10
27,201.8747,10
10,201.8811,4,10
31,201.9086,9,3,1,2,5,10
35,202.0019,8,9,1,2,5,10
16,202.0431,5,6,7
34,202.0478,8,9,3,1,5
18,202.0689,1,6
19,202.1333,1,2,4,5,6
29,202.1589,8,3,1,5,6,10
17,202.2314,1,4,5,10
12,202.2667,4,10
13,202.2917,4
14,202.3125,4
15,202.3358,4
16,202.3553,4,5,6
17,202.3803,4,10
18,202.4056,4,10
19,202.4344,4,5,6,10
13,202.5042,5,10
20,202.5136,4,5,10
11,202.5819,5,10
10,202.5986,5
11,202.6097,5,10
26,202.6347,3,1,4,5,7
13,202.9125,1,6,7,10
27,202.9181,8,9,3,1,5,6,10
28,202.995,6,7
27,203.0275,6,10
26,203.0456,6
14,203.0597,5,6
24,203.0744,6
13,203.0875,5,6
28,203.1069,8,9,4,5
33,203.1194,9,2,4,5,10
16,203.1431,5,6
29,203.1692,8,9,1,4,5
29,203.1944,9,1,6
30,203.25,8,9,1,4,6
18,203.2578,1,6
24,203.2658,9,1
29,203.3083,8,9,3,6,10
20,203.3222,9,1
27,203.3667,8,9,1,6
25,203.4056,8,9,1,4
24,203.4189,1
23,203.4306,8,3,1,4
19,203.5031,8,9,3,4
18,203.5392,8,9,5,6
13,203.5989,5,6
14,203.6033,9,2,4,5
13,203.6433,5,6
17,203.6681,8,9,3,1,2,5,6
23,203.74,1,2,6,10
16,203.7461,8,3,1,10
15,203.785,8,3,6
28,203.8011,6
31,203.8272,3,5,6
14,203.8542,8,3,10
15,203.8794,8,9,3,1,2,6,10
18,203.9603,10
33,204.0628,2,5,6,7,10
30,204.0647,3,1,2
15,204.0908,9,3,1,2,7,10
34,204.1875,2,5,7
25,204.2439,7,10
24,204.2594,1,2,6,7
25,204.2761,1,2,6,10
16,204.3019,8,9,3,1,2,6
25,204.3375,6,7
24,204.3411,6
28,204.345,2,6
23,204.3819,1,2,6
24,204.4064,2,6,10
12,204.4372,6,7,10
11,204.4386,6
24,204.4436,1,2,6
9,204.4531,6
8,204.4636,6
18,204.5028,9,1,2,6,10
16,204.5203,2,6
2,204.5689,6,7,10
1,204.5797,6
17,204.5883,8,9,1,2,6
13,204.6342,2,6
21,204.655,8,9,1,2,4,6,7
24,204.7161,7
3,204.7217,6
4,204.7358,6
5,204.7506,6
6,204.7622,6
7,204.8078,6,7
19,204.81,4,5,6
20,204.8392,4,5,6
21,204.86,4,5
22,204.885,4,10
23,204.91,4,5
26,204.9186,1,2,4,5,6
25,204.9767,4,5,6,10
26,204.9892,4,5,6
30,205.0147,5,6,7
27,205.0225,4,5
28,205.035,4,5,6
25,205.0458,8,9,1,4,5
30,205.0767,4,5,6,10
31,205.1058,4,5,6,7
32,205.1142,4,5,7,10
33,205.1392,4,7
17,205.1422,9,1,2,4
35,205.2058,4,5,6,7,10
36,205.2267,4,6,7
25,205.2408,1,2,4,7
38,205.2683,4,6,7
39,205.2933,4,6,7
18,205.2992,2,4,7
41,205.335,4,6,7
26,205.3461,8,9,1,2,4,6
43,205.3725,4
29,205.3858,9,4
27,205.4239,8,9,3,2,4,6,10
24,205.4564,6,7,10
45,205.4933,4,5
46,205.51,4,5,7
25,205.5142,6
47,205.535,4,5
26,205.5497,6,7
27,205.5589,6
48,205.56,4,5,6
49,205.585,4,5
22,205.5964,2,5,7
28,205.64,5,6,7,10
27,205.6511,5
26,205.6678,5
31,205.6775,9,3,1,2,4,5
25,205.6789,5
24,205.7289,5,6,7
23,205.7622,5,6,10
46,205.7933,4,7
28,205.8072,8,9,3,2,4,7,10
29,205.8533,8,9,3,2,4,10
43,205.8808,4,7
22,205.9322,10
27,205.9397,2,4,7,10
41,205.96,4
40,205.9725,4,10
30,206.0897,8,9,3,1,2,4,6,10
31,206.1036,8,3,2,5,6,7,10
27,206.1408,10
28,206.1575,10
29,206.1658,10
30,206.1825,10
31,206.1908,10
29,206.1989,6,7,10
34,206.2203,8,9,1,2,5,6,10
24,206.3389,1,4,5,6
36,206.3917,8,9,3,1,2,5,6,7,10
25,206.4092,6,10
30,206.4347,2,4,5,6,10
25,206.4883,6
34,206.5392,4,5,6,10
22,206.5736,3,1,2,4,10
35,206.5847,8,9,3,4,6,10
20,206.6072,3,2,4,6,10
34,206.6244,8,9,3,5,6,10
18,206.6572,3,2,4,5,7,10
27,206.6956,5,6,10
28,206.7019,4,5
27,206.7144,4,6
35,206.7186,9,3,2,4,5
20,206.7406,3,2,4,5,7
33,206.7442,8,9,3,2,4
23,206.8061,4,10
22,206.8519,4,6,10
27,206.8892,6,10
28,206.9033,6
21,206.9061,4,5,6
35,206.9189,9,3,2,4
32,206.9258,8,9
31,206.9483,8,3,4,5,7
30,206.9706,8,3,4
29,206.9956,8,3,5
28,207.0122,8,3,4,5,6
27,207.3017,8,3,1,4,5,6,7
28,207.31,8,9,3
29,207.3461,8,9,3,1,2,4,5
16,207.3889,4,5,10
28,207.5156,8,9,3,1,2,4,5,6,10
36,207.5589,6,10
14,207.5639,4
27,207.5683,8,3,4,6
12,207.6056,4,5
28,207.6158,8,3,1,4,5
29,207.6353,8,9,3,4
30,207.6519,8,3,1,4,6
39,207.6853,6,10
40,207.7069,6
41,207.7464,6,7
8,207.7517,4,10
31,207.76,5,6
9,207.7642,4
29,207.7661,8,9,3,1,4
40,207.7886,9,5,6,7
27,207.9414,8,9,3,1,4,5,6
25,208.0192,8,9,5,6,10
26,208.0553,8,9,4,5,6,10
8,208.2436,4,7,10
34,208.2461,9,1,2
7,208.2894,4
6,208.3144,4,10
35,208.3447,2
21,208.3589,1,2,4
25,208.3806,8,9,1,2,10
21,208.4675,1,5,10
27,208.5222,8,9,3,1
30,208.5578,9,2
31,208.6344,9,3,2,5,10
36,208.7383,5
35,208.7439,5
36,208.7661,5,10
37,208.8328,5,6
26,208.8447,8,9,3,1,2,5
31,208.8661,2,10
22,208.8772,9,1,2
25,208.8919,8,9,1,2,5,6
20,208.9483,9,3,1,2,4,5,10
26,208.9697,8,9,3,4,5
25,209.0392,8,3,1,4,5,6,10
36,209.055,5,6,10
35,209.0717,5
8,209.1019,4
23,209.1514,1,4,6
22,209.1597,1,2,10
24,209.1811,8,9,1,2
17,209.2581,9,3,1,2,4,5,6,10
37,209.3094,6,10
38,209.3419,6,10
16,209.3575,9,3,1,2
27,209.4044,2,6
22,209.435,1,2,4,5,10
25,209.4603,8,9,1,4,5,6
39,209.4775,5
7,209.4806,9
26,209.4922,8,9,2
6,209.4997,9,2
21,209.5189,2,4,5,10
27,209.5256,8,3,2,5,10
18,209.5617,2,10
5,209.5692,9,1,2,4
30,209.5894,8,3,1,2,5,6,10
37,209.6164,5,6,10
36,209.6442,5,6,10
15,209.6528,2
24,209.71,1,2,4,5,10
31,209.7353,8,3,1,2,5
6,209.7867,9,4,10
17,209.8581,10
30,209.9117,8,3,1,2,10
17,209.9833,10
18,209.9922,2,6,10
35,210.0139,6
6,210.0231,9,1,2,4
21,210.0392,2,10
30,210.0578,8,3,2,10
7,210.0622,9,2
25,210.1061,2,4
14,210.1842,9,3,2,6
30,210.2469,2
8,210.3419,4,10
31,210.3775,8,9,2,5,10
33,210.4206,5,10
17,210.4311,9,1,2,5
32,210.4442,8,9,2,5
31,210.4669,5
30,210.4969,5
9,210.5336,4
36,210.5475,2,5
20,210.5953,9,2,5
23,210.6156,5
22,210.6322,5
21,210.6378,5
20,210.6489,5
19,210.66,5
33,210.6653,8,9,2,5
16,210.6878,5
15,210.6933,5,6,10
14,210.7044,5
23,210.7297,9,1,2,4,5,6
13,210.7711,5,10
12,210.7878,5
35,210.8361,6
11,210.8489,5
10,210.8864,5
9,210.8919,5
8,210.9086,5
35,210.9489,2,6,10
35,211.0958,6,10
8,211.1308,5,10
27,211.1419,9,3,1,2,5
28,211.1883,9,3,1,2,5,6,10
30,211.2094,10
31,211.2344,10
32,211.2428,10
33,211.2594,10
34,211.2928,10
9,211.3086,5
27,211.3339,3,2,4,5
29,211.3622,9,3,1,5
27,211.4211,1,2,5,6
28,211.4489,1,2,5,6,10
34,211.4514,10
33,211.4681,10
6,211.4714,4,5
32,211.4847,10
5,211.4922,4,5
30,211.5097,10
29,211.5264,10
28,211.5347,10
4,211.5378,4,5
17,211.5531,5,10
18,211.5586,5,6,10
3,211.5631,4,5
25,211.5728,3,1,4,5,10
28,211.5872,9,3,5,6,10
22,211.5975,5,10
23,211.6086,5,10
20,211.6347,10
24,211.6364,5,6,10
18,211.6597,10
33,211.6703,9,3,2,5,6,10
25,211.6808,5
26,211.6975,5
27,211.7142,5,6,10
28,211.8047,6,10
2,211.8172,4
3,211.8256,4
28,211.8589,5
4,211.8756,4
33,211.8894,9,3,2,10
32,211.9022,8,9,5
5,211.9047,4
31,211.9256,8,9,3,2,5
6,211.9631,4,10
30,211.9728,9
30,211.9867,8,9
7,211.9881,4
28,212.0033,9,6
29,212.045,8,9,4,6
9,212.0714,4
10,212.0756,4
25,212.1006,8,9,2,4,10
24,212.1228,8,9,6,10
23,212.1394,8,9,4
22,212.1533,8,9,4
14,212.2006,4
15,212.2256,4,5
27,212.2478,5
16,212.2547,4,5
25,212.27,5
24,212.2867,5
17,212.3092,4,5
16,212.3133,4
17,212.3217,4
16,212.3258,4
15,212.3592,4,5,6,10
15,212.3772,10
14,212.3883,4,5,10
13,212.4133,4
19,212.4211,8,9,1,2,4
30,212.4542,1,4,5,10
16,212.4875,8,9,1,4,5,10
16,212.5153,8,9,4,5
29,212.5478,5,6,10
30,212.5644,5,6,10
15,212.5792,8,9,1,2,5,6
23,212.6075,9,2,6
14,212.6228,8,9,2,4
13,212.6394,8,9,2,5,6,10
27,212.65,6
28,212.6608,6
32,212.67,5,6
30,212.6753,6
10,212.6864,8,9,2,6,10
33,212.6922,5,6
9,212.7003,8,9,1,2,4
34,212.7033,5,6
35,212.7208,6
8,212.7275,10
36,212.7353,6
35,212.7422,5,6
7,212.7442,10
6,212.7608,10
36,212.7867,5,6
35,212.8256,5,6
36,212.8314,5,6
10,212.8422,4,10
4,212.8611,10
35,212.8814,5
11,212.8925,4
10,212.8967,4
27,212.9172,2,4
27,212.9192,1,2
48,212.9353,6
27,212.9769,9,1,4
3,212.9881,8
29,213.0836,2,4,6
10,213.1131,8,9,2
33,213.1519,2,6
14,213.1686,8,9,1,2,4,10
4,213.1722,10
5,213.1889,10
6,213.2056,10
47,213.2081,6
8,213.2306,10
9,213.2389,10
10,213.2639,10
11,213.2722,10
23,213.2764,1,10
12,213.2806,10
46,213.2839,6
15,213.2989,8,9,1,10
14,213.3056,10
15,213.3231,10
16,213.3314,10
17,213.3397,10
44,213.3475,6
18,213.3564,10
19,213.3814,10
43,213.3836,6
36,213.3925,5,6,10
22,213.4064,10
35,213.4092,5,10
36,213.4203,5,6,10
25,213.4314,10
14,213.4383,8,9,1,4,10
27,213.4481,10
28,213.4564,10
35,213.4592,5,6,10
10,213.4983,4,10
13,213.5383,8,9,1,4
40,213.5506,6,10
32,213.5567,10
33,213.565,10
8,213.5775,4
39,213.5794,6,10
35,213.5983,10
7,213.6358,4
12,213.6408,8,9,1,4
8,213.6442,4
7,213.6608,4
31,213.6994,9,6,10
10,213.7419,8,4
33,213.785,9,6,10
38,213.8325,6
10,213.8811,8
38,213.8906,9,2,10
11,213.92,8
40,213.9675,9,2,6,10
38,213.9842,6,10
37,214.0022,6
12,214.0175,8
42,214.0731,9,2,5,6,10
38,214.0989,10
39,214.1072,10
14,214.1264,8
42,214.1342,9,2,5,10
41,214.1406,10
42,214.1572,10
43,214.1822,10
7,214.1883,4
36,214.2092,5,6,10
6,214.24,4
36,214.2644,2,5,10
4,214.315,4
38,214.3761,6,10
39,214.3869,6,10
3,214.3983,4
44,214.4158,10
15,214.4494,8,4
36,214.4756,9,1,2,10
46,214.4825,10
21,214.5067,1,2,5,6
21,214.6222,1,2,6
14,214.6494,8,1
23,214.6778,1,6
46,214.6914,10
24,214.6944,1,2,4,6
34,214.7483,6,10
23,214.7583,1,2,6
43,214.7892,2,10
36,214.8072,9,1,2,10
44,214.8214,2
4,214.8442,4
13,214.8525,8,4
37,214.8711,9,1,6
12,214.9375,8,1,4
43,214.9553,2,10
7,214.9942,4
33,215.0325,6
14,215.0414,8,3,1,4,6
8,215.0442,4
37,215.0481,9,1,2
9,215.0733,4
10,215.0817,4
38,215.0942,2,6
13,215.0969,8,3,1,4
36,215.1172,9,1,2,5
12,215.1233,4
13,215.1442,4
36,215.1533,2,10
12,215.1719,8,1,4
35,215.1894,2,4,10
11,215.1969,8,3,4
35,215.2058,6,10
12,215.2375,8,3,4
40,215.2503,10
19,215.2775,4,6,10
38,215.2853,6
13,215.2889,8,3,1,4
40,215.3033,6
41,215.3214,6,10
37,215.3617,9,3,2,5,6
36,215.3758,5,6
35,215.3814,5
37,215.3894,9,3,4,5
39,215.4558,9,3,2,4,6,10
17,215.515,4
26,215.5236,3,2,4,6,10
38,215.5336,9,3,5
16,215.5358,4
15,215.5567,4,5,10
14,215.5775,4,5,10
37,215.5856,9,3,1,5,6,10
14,215.6056,8,4
38,215.6203,6,10
11,215.6358,4
32,215.6411,5,6,10
10,215.6525,4
17,215.6556,8,9,4,6,10
21,215.7297,8,9,4,5,6,10
24,215.7631,8,9,4,5
36,215.8903,9,3,5,10
25,215.8956,8,9
27,215.965,8,9,10
28,215.9983,8,9,1,4
