 m	 n	¦Â   threshold   ¦Ë     ¦Ì   offlinecost         onlinecost_default       onlinecost_balance      onlinecost_priority      onlinecost_random   on/off   ¦Ã_on  ¦Ã_off  avecost
200	8045	0.29	100	1.0	5.0	7806.7			15196.8			18539.9			15146.5			15321.8		1.95	88.85	85.13	0.97
200	8045	0.29	100	1.2	4.8	9155.9			17763.7			21418.9			17693.5			17883.6		1.94	86.53	83.19	1.14
200	8045	0.29	100	1.5	4.5	11112.6			21265.6			25220.8			21204.8			21437.6		1.91	82.18	79.76	1.38
200	8045	0.29	100	2.0	4.0	14065.0			26206.6			29825.6			26160.9			26419.2		1.86	74.27	72.48	1.75
200	8045	0.29	100	3.0	3.0	18403.1			32133.3			34036.3			32116.3			32355.3		1.75	56.49	55.84	2.29
200	8045	0.29	100	4.0	2.0	19480.9			30810.3			31041.7			30776.8			30937.0		1.58	35.13	34.88	2.42
200	8045	0.29	100	4.5	1.5	18084.4			26629.4			26198.6			26610.7			26700.4		1.47	23.58	23.46	2.25
200	8045	0.29	100	4.8	1.2	16380.8			22859.5			22540.4			22845.2			22905.5		1.40	16.77	16.69	2.04
200	8045	0.29	100	5.0	1.0	14838.1			20060.0			19687.5			20055.0			20092.3		1.35	12.98	12.91	1.84
200	13324	0.37	200	1.0	5.0	13194.6			25680.2			31543.8			25654.7			25848.1		1.95	90.48	86.15	0.99
200	13324	0.37	200	1.2	4.8	15459.9			30044.9			36740.0			30016.8			30150.0		1.94	88.34	84.79	1.16
200	13324	0.37	200	1.5	4.5	18763.9			36184.7			43822.9			36158.3			36314.4		1.93	84.88	82.13	1.41
200	13324	0.37	200	2.0	4.0	23890.0			45214.3			52976.7			45183.6			45353.4		1.89	78.49	76.55	1.79
200	13324	0.37	200	3.0	3.0	31945.4			57150.6			62656.6			57197.9			57290.9		1.79	62.48	61.63	2.40
200	13324	0.37	200	4.0	2.0	34957.6			57300.9			58502.4			57356.9			57363.8		1.64	41.78	41.48	2.62
200	13324	0.37	200	4.5	1.5	33239.9			50888.1			50651.6			50897.2			50855.6		1.53	29.39	29.18	2.49
200	13324	0.37	200	4.8	1.2	30592.3			44285.8			43644.6			44281.9			44266.2		1.45	21.40	21.28	2.30
200	13324	0.37	200	5.0	1.0	27970.8			38687.6			38030.4			38675.8			38649.6		1.38	16.08	15.96	2.10
200	22012	0.51	500	1.0	5.0	22852.3			44127.5			54056.2			44186.7			44241.1		1.93	93.03	88.19	1.04
200	22012	0.51	500	1.2	4.8	26673.9			51720.4			63462.3			51791.1			51792.6		1.94	91.49	86.99	1.21
200	22012	0.51	500	1.5	4.5	32282.6			62484.4			76576.7			62673.0			62658.0		1.94	88.62	84.93	1.47
200	22012	0.51	500	2.0	4.0	41105.3			78872.3			95506.6			79055.3			79002.0		1.92	83.55	80.92	1.87
200	22012	0.51	500	3.0	3.0	56115.0			103708.9		119579.2		104009.9		103844.6	1.85	70.95	69.51	2.55
200	22012	0.51	500	4.0	2.0	64501.2			111947.7		121743.2		112231.7		111913.7	1.74	53.47	52.82	2.93
200	22012	0.51	500	4.5	1.5	63987.1			105530.2		110912.6		105794.2		105501.6	1.65	41.74	41.30	2.91
200	22012	0.51	500	4.8	1.2	60993.9			95802.3			98337.3			96072.2			95790.3		1.57	32.84	32.60	2.77
200	22012	0.51	500	5.0	1.0	57365.8			86885.4			87918.0			87051.6			86877.4		1.51	26.76	26.58	2.61
200	28390	0.64	1000	1.0	5.0	31405.2			59287.5			70697.3			59424.3			59352.8		1.89	94.38	88.95	1.11
200	28390	0.64	1000	1.2	4.8	36311.5			69207.9			83378.4			69397.9			69314.3		1.91	92.96	87.97	1.28
200	28390	0.64	1000	1.5	4.5	43518.4			83535.5			101170.5		83770.1			83565.8		1.92	90.70	86.33	1.53
200	28390	0.64	1000	2.0	4.0	55059.2			105591.7		128003.9		105965.7		105694.7	1.92	86.34	82.90	1.94
200	28390	0.64	1000	3.0	3.0	75247.6			141057.5		167398.5		141639.2		141264.1	1.87	75.62	73.56	2.65
200	28390	0.64	1000	4.0	2.0	88306.9			157800.6		179289.0		158406.2		157941.5	1.79	60.38	59.30	3.11
200	28390	0.64	1000	4.5	1.5	89624.7			153831.6		169863.0		154475.7		154028.9	1.72	49.80	49.11	3.16
200	28390	0.64	1000	4.8	1.2	87266.9			144828.2		157234.6		145399.6		144921.7	1.66	41.95	41.42	3.07
200	28390	0.64	1000	5.0	1.0	83714.4			134887.6		143875.0		135356.2		134951.2	1.61	35.85	35.46	2.95
200	33293	0.73	2000	1.0	5.0	41045.3			74100.6			86057.7			74293.1			74130.9		1.81	95.25	89.44	1.23
200	33293	0.73	2000	1.2	4.8	46687.6			85783.1			100761.5		86040.1			85840.4		1.84	94.03	88.54	1.40
200	33293	0.73	2000	1.5	4.5	54999.5			102722.2		121912.9		103106.6		102776.9	1.87	92.06	87.21	1.65
200	33293	0.73	2000	2.0	4.0	68358.5			129160.7		154287.3		129694.2		129248.7	1.89	88.35	84.30	2.05
200	33293	0.73	2000	3.0	3.0	92154.5			172808.7		205137.5		173708.6		173111.1	1.88	78.71	76.08	2.77
200	33293	0.73	2000	4.0	2.0	108476.5		196779.9		229027.4		197759.3		197200.5	1.81	65.07	63.37	3.26
200	33293	0.73	2000	4.5	1.5	111131.2		195370.9		222348.1		196466.8		195848.7	1.76	55.36	54.18	3.34
200	33293	0.73	2000	4.8	1.2	109449.1		187455.3		210966.8		188478.6		187896.5	1.71	48.18	47.26	3.29
200	33293	0.73	2000	5.0	1.0	106223.8		177755.1		197891.8		178670.0		178173.8	1.67	42.50	41.79	3.19
150	4015	0.29	60	1.0	5.0	3874.1			7503.6			9002.7			7469.3			7525.5		1.94	87.05	82.69	0.96
150	4015	0.29	60	1.2	4.8	4530.6			8730.7			10316.8			8693.3			8751.7		1.93	84.31	80.47	1.13
150	4015	0.29	60	1.5	4.5	5468.3			10401.0			12086.1			10362.3			10426.6		1.90	79.73	76.64	1.36
150	4015	0.29	60	2.0	4.0	6873.8			12682.7			14179.6			12650.9			12717.4		1.85	71.06	69.29	1.71
150	4015	0.29	60	3.0	3.0	8832.0			15211.9			15951.8			15198.9			15209.8		1.72	52.58	52.03	2.20
150	4015	0.29	60	4.0	2.0	9173.4			14245.8			14206.8			14248.1			14256.5		1.55	31.51	31.31	2.28
150	4015	0.29	60	4.5	1.5	8415.6			12159.4			12000.1			12145.2			12142.9		1.44	20.70	20.57	2.10
150	4015	0.29	60	4.8	1.2	7596.6			10555.3			10369.7			10552.0			10555.4		1.39	15.34	15.29	1.89
150	4015	0.29	60	5.0	1.0	6871.9			9237.9			9091.3			9233.3			9235.2		1.34	11.78	11.73	1.71
150	10750	0.37	220	1.0	5.0	10850.8			20996.5			25427.7			20998.9			21072.8		1.94	90.60	85.47	1.01
150	10750	0.37	220	1.2	4.8	12658.8			24504.9			29693.2			24500.3			24521.0		1.94	88.42	83.88	1.18
150	10750	0.37	220	1.5	4.5	15280.1			29422.8			35246.9			29437.0			29453.0		1.93	84.84	81.13	1.42
150	10750	0.37	220	2.0	4.0	19364.8			36593.9			42883.7			36621.0			36614.0		1.89	78.20	75.74	1.80
150	10750	0.37	220	3.0	3.0	25823.2			46312.6			50754.0			46361.4			46319.4		1.79	62.73	61.55	2.40
150	10750	0.37	220	4.0	2.0	28367.4			46643.2			47983.4			46621.5			46609.3		1.64	42.29	41.76	2.64
150	10750	0.37	220	4.5	1.5	27035.1			41578.9			41360.9			41555.3			41574.6		1.54	29.99	29.72	2.51
150	10750	0.37	220	4.8	1.2	24954.1			36241.1			35703.9			36217.3			36237.1		1.45	21.84	21.75	2.32
150	10750	0.37	220	5.0	1.0	22840.8			31684.0			31144.7			31661.3			31661.2		1.39	16.44	16.33	2.12
150	16515	0.51	490	1.0	5.0	17577.4			33592.7			40190.8			33676.9			33645.5		1.91	92.82	87.05	1.06
150	16515	0.51	490	1.2	4.8	20375.4			39181.9			47259.7			39278.5			39261.0		1.92	91.00	85.85	1.23
150	16515	0.51	490	1.5	4.5	24488.3			47181.0			56894.8			47312.3			47272.2		1.93	88.19	83.74	1.48
150	16515	0.51	490	2.0	4.0	30991.4			59291.7			70840.2			59422.1			59343.7		1.91	83.02	79.74	1.88
150	16515	0.51	490	3.0	3.0	41989.1			77494.9			89398.1			77764.4			77538.5		1.85	70.28	68.42	2.54
150	16515	0.51	490	4.0	2.0	48027.6			82879.5			89746.0			83150.3			82877.7		1.73	52.24	51.41	2.91
150	16515	0.51	490	4.5	1.5	47440.3			77666.3			81565.6			77880.2			77648.4		1.64	40.42	39.90	2.87
150	16515	0.51	490	4.8	1.2	45107.4			70587.3			72468.3			70755.4			70494.9		1.56	32.01	31.73	2.73
150	16515	0.51	490	5.0	1.0	42377.0			64062.3			64542.7			64174.8			63962.8		1.51	26.18	25.93	2.57
150	23044	0.64	1350	1.0	5.0	27968.7			50795.3			58512.7			50972.2			50783.6		1.82	94.46	87.94	1.21
150	23044	0.64	1350	1.2	4.8	31818.1			58743.6			68437.9			58980.1			58777.9		1.85	93.06	87.11	1.38
150	23044	0.64	1350	1.5	4.5	37486.7			70266.1			82716.6			70571.7			70361.4		1.87	90.92	85.56	1.63
150	23044	0.64	1350	2.0	4.0	46555.8			88162.9			104687.0		88568.1			88317.5		1.89	86.97	82.51	2.02
150	23044	0.64	1350	3.0	3.0	62593.0			117169.9		137740.9		117823.3		117429.1	1.87	76.77	73.81	2.72
150	23044	0.64	1350	4.0	2.0	73201.3			131700.8		150507.5		132369.2		132114.7	1.80	62.21	60.48	3.18
150	23044	0.64	1350	4.5	1.5	74450.5			129086.7		145002.6		129821.2		129627.5	1.73	51.87	50.82	3.23
150	23044	0.64	1350	4.8	1.2	72786.9			122321.1		135190.4		122976.8		122648.0	1.68	44.22	43.46	3.16
150	23044	0.64	1350	5.0	1.0	70175.1			115031.0		126517.0		115687.5		115372.3	1.64	38.53	37.91	3.05
150	26410	0.73	3000	1.0	5.0	39315.4			65647.2			73541.6			65979.4			65638.2		1.67	94.97	88.03	1.49
150	26410	0.73	3000	1.2	4.8	43452.6			74605.8			84544.5			74991.1			74655.5		1.72	93.78	87.26	1.65
150	26410	0.73	3000	1.5	4.5	49542.8			87606.3			100326.2		88086.0			87734.1		1.77	91.87	86.03	1.88
150	26410	0.73	3000	2.0	4.0	59317.1			107910.0		125176.0		108533.0		107956.6	1.82	88.32	83.19	2.25
150	26410	0.73	3000	3.0	3.0	76722.5			141708.6		164288.9		142613.4		141923.9	1.85	79.34	75.57	2.91
150	26410	0.73	3000	4.0	2.0	88568.9			160277.1		183988.9		161380.2		160861.3	1.81	66.08	63.58	3.35
150	26410	0.73	3000	4.5	1.5	90431.2			159678.8		182006.1		160907.0		160504.5	1.77	56.96	55.21	3.42
150	26410	0.73	3000	4.8	1.2	89079.0			153789.0		174238.5		154970.1		154721.6	1.73	50.01	48.55	3.37
150	26410	0.73	3000	5.0	1.0	86606.8			146559.9		165336.2		147829.0		147572.1	1.69	44.57	43.45	3.28
100	4143	0.29	60	1.0	5.0	3874.0			7398.9			8631.6			7353.2			7409.5		1.91	81.82	77.31	0.94
100	4143	0.29	60	1.2	4.8	4504.0			8486.1			9743.1			8425.0			8473.1		1.88	77.53	74.03	1.09
100	4143	0.29	60	1.5	4.5	5371.8			9935.2			11103.0			9878.7			9918.3		1.85	71.57	68.89	1.30
100	4143	0.29	60	2.0	4.0	6605.8			11766.4			12610.0			11720.3			11755.2		1.78	61.26	59.88	1.59
100	4143	0.29	60	3.0	3.0	8064.6			13130.1			13291.7			13131.0			13137.9		1.63	40.53	40.09	1.95
100	4143	0.29	60	4.0	2.0	7796.9			11185.8			11021.7			11183.7			11170.8		1.43	20.42	20.08	1.88
100	4143	0.29	60	4.5	1.5	6806.7			8999.8			8930.4			8994.3			8994.2		1.32	11.75	11.68	1.64
100	4143	0.29	60	4.8	1.2	5929.6			7495.0			7446.7			7486.5			7497.0		1.26	7.87	7.82	1.43
100	4143	0.29	60	5.0	1.0	5226.1			6446.3			6422.4			6446.6			6448.4		1.23	5.89	5.84	1.26
100	7575	0.37	125	1.0	5.0	7222.5			13859.7			16319.9			13809.9			13822.0		1.92	84.04	79.27	0.95
100	7575	0.37	125	1.2	4.8	8405.0			15974.7			18699.1			15920.0			15928.3		1.90	80.38	76.33	1.11
100	7575	0.37	125	1.5	4.5	10059.8			18834.4			21378.6			18791.4			18782.8		1.87	75.04	72.00	1.33
100	7575	0.37	125	2.0	4.0	12479.0			22593.5			24858.8			22577.1			22545.5		1.81	65.52	63.82	1.65
100	7575	0.37	125	3.0	3.0	15605.7			26096.8			26638.7			26058.9			26034.8		1.67	45.82	45.07	2.06
100	7575	0.37	125	4.0	2.0	15484.3			22727.9			22463.3			22691.4			22713.4		1.47	23.85	23.68	2.04
100	7575	0.37	125	4.5	1.5	13705.4			18492.5			18153.1			18494.9			18491.6		1.35	14.03	13.91	1.81
100	7575	0.37	125	4.8	1.2	11983.5			15219.7			15074.0			15222.2			15217.4		1.27	8.90	8.79	1.58
100	7575	0.37	125	5.0	1.0	10554.5			12944.9			12838.8			12947.5			12941.5		1.23	6.31	6.28	1.39
100	14077	0.51	330	1.0	5.0	14177.5			27196.0			32300.3			27217.5			27202.1		1.92	88.29	82.52	1.01
100	14077	0.51	330	1.2	4.8	16461.7			31518.9			37380.5			31536.6			31499.5		1.91	85.48	80.45	1.17
100	14077	0.51	330	1.5	4.5	19731.4			37512.6			44114.2			37571.6			37523.0		1.90	81.23	77.18	1.40
100	14077	0.51	330	2.0	4.0	24696.4			46038.2			52772.9			46115.7			46049.7		1.86	73.74	71.16	1.75
100	14077	0.51	330	3.0	3.0	32149.1			56431.2			60913.1			56536.7			56392.1		1.76	56.68	55.45	2.28
100	14077	0.51	330	4.0	2.0	34147.8			53995.0			54841.7			54093.1			54019.8		1.58	35.06	34.59	2.43
100	14077	0.51	330	4.5	1.5	31658.7			46193.5			45851.4			46251.9			46197.7		1.46	22.88	22.60	2.25
100	14077	0.51	330	4.8	1.2	28566.8			39152.9			38623.7			39165.4			39121.7		1.37	15.64	15.44	2.03
100	14077	0.51	330	5.0	1.0	25696.4			33749.2			33153.5			33762.7			33743.6		1.31	11.43	11.31	1.83
100	21557	0.64	920	1.0	5.0	23975.5			44593.1			51583.9			44802.0			44585.3		1.86	90.99	84.33	1.11
100	21557	0.64	920	1.2	4.8	27479.4			51563.3			60079.0			51822.9			51605.2		1.88	88.85	82.81	1.27
100	21557	0.64	920	1.5	4.5	32567.5			61497.7			71995.3			61863.0			61597.8		1.89	85.74	80.39	1.51
100	21557	0.64	920	2.0	4.0	40493.4			76183.6			88972.9			76721.1			76497.3		1.88	79.80	75.68	1.88
100	21557	0.64	920	3.0	3.0	53468.0			97328.8			110488.5		97964.6			97966.2		1.82	66.15	63.79	2.48
100	21557	0.64	920	4.0	2.0	59869.9			101754.3		111072.9		102460.9		102463.5	1.70	47.84	46.72	2.78
100	21557	0.64	920	4.5	1.5	58497.6			94557.5			100463.9		95184.8			95673.7		1.62	36.80	36.03	2.71
100	21557	0.64	920	4.8	1.2	55257.6			85409.6			89781.5			85964.8			86377.9		1.55	28.93	28.46	2.56
100	21557	0.64	920	5.0	1.0	51673.1			76958.1			79708.4			77458.9			77806.3		1.49	23.33	22.99	2.40
100	25284	0.73	1800	1.0	5.0	31800.0			56397.4			63659.3			56714.0			56695.6		1.77	92.22	84.85	1.26
100	25284	0.73	1800	1.2	4.8	35813.7			64660.6			73658.4			65043.7			65066.0		1.81	90.38	83.53	1.42
100	25284	0.73	1800	1.5	4.5	41676.6			76495.2			87665.9			77017.8			77067.4		1.84	87.62	81.44	1.65
100	25284	0.73	1800	2.0	4.0	50842.2			94337.3			108823.5		95056.4			95347.5		1.86	82.47	77.38	2.01
100	25284	0.73	1800	3.0	3.0	66165.7			121066.0		138404.4		122086.9		122410.5	1.83	70.07	66.90	2.62
100	25284	0.73	1800	4.0	2.0	74668.2			130152.1		145627.0		131379.3		131563.0	1.74	53.58	51.80	2.95
100	25284	0.73	1800	4.5	1.5	74148.5			124389.8		137406.8		125526.9		125598.5	1.68	43.32	42.05	2.93
100	25284	0.73	1800	4.8	1.2	71265.1			115616.5		126308.9		116641.6		116602.4	1.62	35.96	35.06	2.82
100	25284	0.73	1800	5.0	1.0	67771.4			106953.3		115710.0		107936.0		107567.7	1.58	30.58	29.96	2.68
50	1895	0.29	78	1.0	5.0	1980.5			3724.6			4227.2			3641.1			3768.9		1.88	86.12	77.41	1.05
50	1895	0.29	78	1.2	4.8	2268.9			4265.0			4873.4			4188.1			4390.0		1.88	82.74	75.30	1.20
50	1895	0.29	78	1.5	4.5	2671.5			5048.8			5678.9			4948.3			5135.4		1.89	79.16	72.61	1.41
50	1895	0.29	78	2.0	4.0	3299.8			6071.2			6754.1			5993.1			6212.4		1.84	70.29	65.86	1.74
50	1895	0.29	78	3.0	3.0	4176.6			7113.6			7376.6			7053.0			7244.5		1.70	50.82	49.02	2.20
50	1895	0.29	78	4.0	2.0	4286.9			6561.7			6581.1			6555.4			6643.1		1.53	29.82	29.23	2.26
50	1895	0.29	78	4.5	1.5	3910.3			5580.4			5591.9			5581.7			5621.0		1.43	19.53	19.31	2.06
50	1895	0.29	78	4.8	1.2	3506.2			4789.5			4760.4			4789.3			4812.7		1.37	14.09	13.77	1.85
50	1895	0.29	78	5.0	1.0	3154.7			4155.1			4097.9			4155.8			4167.3		1.32	10.55	10.40	1.66
50	3086	0.37	150	1.0	5.0	3347.0			6218.4			7009.4			6168.5			6353.9		1.86	86.94	77.84	1.08
50	3086	0.37	150	1.2	4.8	3807.6			7116.3			8128.3			7071.1			7238.3		1.87	83.90	76.18	1.23
50	3086	0.37	150	1.5	4.5	4479.6			8427.6			9692.9			8343.7			8603.4		1.88	80.72	73.78	1.45
50	3086	0.37	150	2.0	4.0	5515.0			10243.2			11562.6			10182.7			10548.5		1.86	73.30	68.24	1.79
50	3086	0.37	150	3.0	3.0	7093.8			12439.5			13330.3			12404.4			12758.1		1.75	56.45	54.28	2.30
50	3086	0.37	150	4.0	2.0	7536.9			12004.1			12122.6			11972.6			12205.5		1.59	35.87	34.87	2.44
50	3086	0.37	150	4.5	1.5	7024.9			10361.9			10370.5			10356.7			10501.8		1.48	23.91	23.40	2.28
50	3086	0.37	150	4.8	1.2	6369.2			8881.0			8859.5			8869.3			8971.6		1.39	16.92	16.59	2.06
50	3086	0.37	150	5.0	1.0	5762.5			7665.5			7582.2			7665.2			7733.1		1.33	12.31	12.05	1.87
50	4929	0.51	330	1.0	5.0	5877.3			10607.6			11729.4			10603.9			10758.4		1.80	89.61	79.98	1.19
50	4929	0.51	330	1.2	4.8	6617.4			12151.9			13661.5			12160.5			12274.4		1.84	87.58	78.80	1.34
50	4929	0.51	330	1.5	4.5	7712.3			14363.1			16405.6			14358.0			14554.1		1.86	84.78	76.57	1.56
50	4929	0.51	330	2.0	4.0	9412.1			17595.3			20064.4			17645.4			17982.6		1.87	78.84	72.75	1.91
50	4929	0.51	330	3.0	3.0	12240.1			22169.3			24609.6			22250.2			22649.1		1.81	65.02	61.80	2.48
50	4929	0.51	330	4.0	2.0	13573.6			22871.2			24176.5			22946.2			23232.6		1.68	46.34	44.98	2.75
50	4929	0.51	330	4.5	1.5	13174.4			20880.0			21207.7			20954.4			21145.1		1.58	34.37	33.54	2.67
50	4929	0.51	330	4.8	1.2	12321.3			18576.5			18450.8			18607.1			18735.7		1.51	26.25	25.52	2.50
50	4929	0.51	330	5.0	1.0	11418.9			16550.0			16352.3			16592.7			16671.4		1.45	20.71	20.29	2.32
50	7038	0.64	760	1.0	5.0	9882.8			16763.2			18093.3			16907.7			16881.4		1.70	91.08	81.02	1.40
50	7038	0.64	760	1.2	4.8	10904.1			19005.6			20800.7			19164.2			19102.9		1.74	89.60	80.02	1.55
50	7038	0.64	760	1.5	4.5	12403.2			22231.8			24641.3			22409.8			22509.9		1.79	87.33	78.43	1.76
50	7038	0.64	760	2.0	4.0	14788.9			27108.0			30421.1			27386.9			27621.0		1.83	82.67	75.43	2.10
50	7038	0.64	760	3.0	3.0	18863.6			34680.7			39232.0			35083.8			35310.4		1.84	71.65	67.08	2.68
50	7038	0.64	760	4.0	2.0	21343.8			37615.9			41032.1			38019.1			38066.6		1.76	56.11	53.28	3.03
50	7038	0.64	760	4.5	1.5	21290.7			35861.3			38564.5			36305.4			36275.5		1.68	44.98	43.42	3.03
50	7038	0.64	760	4.8	1.2	20491.8			33250.5			34851.4			33620.3			33525.2		1.62	37.16	35.75	2.91
50	7038	0.64	760	5.0	1.0	19465.4			30486.2			31699.2			30852.9			30703.6		1.57	30.92	30.02	2.77
50	8301	0.73	1400	1.0	5.0	14205.9			22441.2			23800.8			22684.2			22569.2		1.58	92.16	81.35	1.71
50	8301	0.73	1400	1.2	4.8	15322.9			25051.7			26881.0			25309.2			25196.5		1.63	90.94	80.59	1.85
50	8301	0.73	1400	1.5	4.5	16968.6			28814.2			31340.0			29110.8			29027.9		1.70	88.90	79.23	2.04
50	8301	0.73	1400	2.0	4.0	19586.9			34586.8			38072.1			34981.4			35083.9		1.77	84.89	76.56	2.36
50	8301	0.73	1400	3.0	3.0	24116.8			43802.6			48935.3			44356.4			44480.0		1.82	75.09	69.24	2.91
50	8301	0.73	1400	4.0	2.0	26935.6			48076.1			53171.5			48738.1			48625.1		1.78	61.14	57.16	3.24
50	8301	0.73	1400	4.5	1.5	27001.9			46677.0			51148.4			47411.4			47198.7		1.73	50.87	48.49	3.25
50	8301	0.73	1400	4.8	1.2	26248.5			44145.8			47746.6			44811.5			44481.9		1.68	43.65	41.65	3.16
50	8301	0.73	1400	5.0	1.0	25229.2			41310.0			44620.9			42013.0			41633.4		1.64	37.81	36.33	3.04